-35.40505067803948 99.69853414004275 -3824.9989803170665 15118.614089576833 0.0 0.0
-35.29423975837183 80.47933549958114 -3091.291770988966 10292.100485571744 0.0 0.0
-32.351759531721704 -147.7827371732409 3618.309154087047 -79732.80891298679 575447.3390828756 -1399925.1095551492
-33.89846623732609 -26.292050931208806 -227.76410387469215 -16969.740772143967 84944.15160567456 62317.90843852443
-34.91496291929165 51.57128158071742 -2647.2473404138686 22190.014931044014 -215777.44948964493 937453.9883635921
-35.639129781627226 104.41783142099816 -4222.89415666556 47087.91516311066 -400556.8047049502 1452436.6851091264
-36.33411095711735 155.3333243087849 -5749.249067401026 71168.88959052638 -579407.2948201613 1953985.3318938857
-36.3968832655393 153.26659134494267 -5536.346659408311 67215.36793069453 -538866.8365354172 1790542.2118317762
-36.117342235922344 121.61010453306929 -4317.575581297163 46385.90407529267 -360664.66771949525 1192511.1851769018
-36.41211211830534 139.2086194625674 -4743.86174125087 52116.802567807164 -389863.28684645775 1216164.3486929915
-36.75823159200621 163.81797339892952 -5508.381140229234 65356.36101589473 -499143.74708935333 1570481.021950208
-35.4605242235414 49.29516291120013 -1645.6157419579488 2910.063699316994 0.0 0.0
-36.752032467310954 151.29784381882843 -4886.979124546861 54748.31958007884 -403489.933050633 1231858.2141691863
-35.868666478168386 67.37876650897927 -1904.5521320591058 4864.660274742218 0.0 0.0
-35.6913035068125 53.74573121994064 -1591.7801808534823 2977.2936638643614 0.0 0.0
-36.65958335852853 127.12192801490251 -3833.3277244441565 37432.87890485611 -254837.363137332 731119.4225844858
-36.711174634834265 126.16517759696434 -3722.3878977098684 35542.399905600076 -236050.84429009867 659969.7215341107
-36.719995497165804 121.57885532515328 -3491.1714941752653 31648.4418199559 -200749.6982551678 534260.704844923
-36.855350057662754 128.70096862116327 -3687.6682557691697 35415.0611530489 -233165.12937358473 644941.7828791848
-37.115506852677626 146.8967718393256 -4274.543417509677 45954.57632109483 -323684.37763196975 952535.6632185308
-36.853266206273396 118.67116533887102 -3232.4290206644173 28233.04914364995 -172177.71598544178 441590.765220569
-36.72571033112784 100.22490391419441 -2469.6979256704217 14488.28590299577 -50332.51956965 28346.338704833994
-37.09066269526407 128.740286103585 -3447.250841084134 31931.530785462946 -198167.68876067156 511735.65105755284
-36.49010070878731 73.80278743650054 -1630.430869311424 4319.140147412796 0.0 0.0
-37.243801650398524 131.38688760759266 -3416.88255285999 31634.369403979777 -192904.935676734 487820.3844330594
-37.35866149371286 135.9720849560099 -3513.167403958889 33308.889693923506 -204813.73657985433 520973.1760284547
-36.998788017068534 100.39169598442193 -2280.2200979510053 13440.13137328704 -46168.954005821804 27766.94197398603
-37.53979528259163 141.58414890143993 -3614.209789424619 35548.95071426795 -222781.72558102215 577593.077556479
-37.81404219575039 160.6467430516242 -4239.431890019388 46713.97665814707 -318900.42066097644 906003.8484095711
-37.621383401447815 138.17731849413983 -3407.266045601277 32587.611690358153 -198100.8604890505 498562.2002191227
-37.72978093424262 142.06020853609937 -3489.5205627621785 34108.21024027048 -209484.01227073383 532121.8594178283
-37.679661734943124 133.04651354043853 -3163.974764454453 29309.663169194293 -173046.99744180412 424350.0049520565
-37.515092509820455 113.03340468705159 -2427.321028861455 16946.72690493918 -68267.50305706076 73916.72034085983
-37.707147201552075 125.30422045947819 -2846.553311967737 24952.719431542537 -140326.55585178712 328638.2729167462
-37.514037255852465 103.4506297521557 -2076.8180349116865 12499.086048582078 -38583.46103306215 0.0
