2.158052883442549536e-08 4.533003490588129075e-06 2.182062987809198391e-03 4.862569529189259920e-05 4.672376999324806394e-04 1.963200419641659110e-04 1.406742470225747605e-04 2.924562925941176831e-04 2.706090290526833790e-04 1.408585494809907904e-04 1.388612677362443390e-05 1.335321628187380468e-04 1.691905096078370199e-04 9.210768802126870550e-05 1.096411084458793410e-04
1.446838116464117356e-05 3.655138719278087922e-02 5.370598519687802205e-03 4.031787539279977446e-04 5.609695221767115405e-05 8.681040390300016375e-04 9.810193955156157764e-04 5.521463706449133025e-04 9.120216089177054033e-05 6.879576016643113631e-04 1.069544158457464344e-03 1.137679479760178797e-03 8.475155950475474426e-04 1.862552482957476757e-04 8.320978758328831729e-04
2.490502170931481463e-02 1.954945505400933641e-06 2.271915400805613893e-05 6.690507522320613353e-05 4.058800320787675226e-05 4.564757182347920443e-05 8.944365481502290438e-06 6.022382262588228511e-05 7.115715211994706074e-05 4.644444200537792766e-05 5.903881802171209051e-07 4.381652692455314591e-05 6.400926360223978446e-05 4.015139022045152142e-05 4.397203463187827584e-05
9.435836695889127899e-08 1.427202185998766254e-06 5.729539877643109519e-04 1.164090447761448412e-05 2.606814609811469383e-04 2.162887986787188910e-04 7.826728251447080307e-05 2.865499317984357029e-05 6.161318184074990377e-05 3.813082396558312338e-05 1.568134368611569070e-05 6.682891417662669635e-05 9.223542215025724270e-05 5.795699942852081696e-05 4.749029189262152462e-05
2.080433537433102049e-07 3.294882460410609707e-06 6.518153579522844914e-04 5.549860379006678221e-05 9.270198523806434264e-05 8.942136615000562274e-06 1.207437709493588968e-04 1.456312709592531515e-04 9.564268592683550306e-05 8.491828723255631856e-06 6.950420146147210179e-05 1.058813781792817930e-04 5.448783807922374467e-05 8.801787656017902317e-05 3.482097738768617757e-04
4.533138562408332108e-07 7.923741325285351770e-06 1.143670729172742428e-03 1.242614921077205622e-04 2.015558998119224726e-04 1.248469702464479803e-04 1.732272846147493644e-05 9.252700424485546093e-05 8.513051209804184817e-05 2.364887129938577102e-05 5.210221848339614635e-05 1.042103691585415109e-04 1.121240232619981347e-04 4.221564733847263579e-05 9.985206393826060248e-05
1.435402908309076409e-06 4.211498542102564595e-05 2.073306825812499404e-04 2.814346194890184082e-04 1.659191568117456309e-04 7.790230707080948139e-05 2.022874008743595555e-04 1.860822269829944236e-04 7.827432279274064647e-05 5.248172571480807966e-05 1.459463391918733343e-04 1.660962875167679251e-04 7.966172757700935077e-05 1.290071834691935797e-04 4.672337551310968705e-04
8.736385302016324553e-08 1.616152416445801321e-02 1.908315844003292657e-03 5.813617066381993634e-07 6.739317122897400304e-05 2.748164923472752941e-06 1.369039927289879358e-05 6.633279261365226766e-06 1.349949223301558898e-06 3.123938960643036225e-06 2.870254956817435016e-06 1.686265620055590843e-06 5.177083970424532948e-06 3.493318413006030726e-06 2.454311527655407183e-05
3.455268948241020782e-07 6.290209662704778886e-06 1.693720568636132226e-03 1.131956302229064572e-04 2.110864296414322993e-04 5.001544248361035480e-05 1.392141100186738306e-04 2.223540298176611093e-04 2.032475107992423276e-04 1.242934375106280519e-04 3.178460120588106480e-05 4.467175157119133581e-05 6.915132342058769054e-05 2.972515980158147011e-05 7.643571626558839471e-05
1.753177898467419969e-06 4.970186159378561970e-05 2.343238156422683654e-04 2.959303109798024772e-04 2.150998822062336925e-04 1.118050079111565467e-05 1.015167238480844264e-04 1.037105741075367059e-04 3.585914045971991509e-05 5.691734964670222714e-05 1.224085267590225613e-04 1.550283976646957761e-04 1.178981927069917368e-04 1.951885015515637852e-05 1.415193400513571338e-04
6.367205438783359039e-02 1.412589497353373834e-05 9.833269046214284357e-05 1.520119778120549499e-04 9.803111421808672721e-05 2.186648349844192319e-05 8.385674098385111877e-05 8.135479585486819385e-05 3.835376594691022352e-05 1.475683872153916618e-05 5.383072717944525801e-05 6.558259775350967768e-05 4.626855261522128826e-05 4.044393803343314575e-06 8.306965780063361158e-05
3.177992000744410240e-07 2.459071759226502153e-06 8.822462483973098242e-04 1.830288934873865452e-04 1.911632579091800414e-05 9.635512744026978815e-06 2.539522246995772878e-05 3.408916929882620429e-05 1.948080132196797478e-05 7.747510155574301502e-06 2.561220214656552337e-05 3.176881163596884707e-05 2.767351518410967156e-05 1.296312148316739926e-06 2.816308670107181284e-05
4.051756739364655084e-06 7.051170068809516783e-05 2.253772973027581979e-04 1.490141306366650530e-04 1.129493351943905601e-04 2.975856759295877201e-06 6.809990241387076104e-05 7.463162205556533998e-05 4.227605731799126832e-05 5.938877206230988123e-06 1.905817717276689824e-05 3.798313170446163253e-05 3.080197017414833965e-05 1.471694082173782862e-05 1.306278021272446591e-05
3.301704657444780531e-07 8.484489708852516825e-06 3.089707951857757377e-05 1.859044682644988731e-04 7.814889161131098475e-05 3.898395947053141612e-05 8.383756718257880710e-05 7.322894276359011995e-05 3.986828743698535819e-05 1.002242681072342375e-06 2.312615062863116895e-05 3.368712591450385790e-05 2.451168393496863283e-05 2.248313976172193768e-06 3.302720084729301466e-05
1.698089846384923539e-07 4.461687157152052461e-06 1.671212824305391757e-05 1.349177421736504133e-04 5.078967791098743439e-05 2.952430832738803574e-05 5.243842939139222250e-05 3.659721141870304895e-05 1.279954346567887280e-05 1.125629561938150661e-05 2.610438058818620303e-05 2.243533739232848642e-05 1.552835855438294916e-05 3.197479095240879509e-07 9.292124017771319770e-06
3.011925240441524490e-07 4.884230526123098902e-04 1.139603363808072147e-05 3.054242991279510145e-05 1.288732359392348421e-05 3.633741473209485930e-05 2.671045986108565651e-05 5.506483356501201997e-06 8.253161221953429460e-06 1.356792454292809699e-05 8.626224282591034480e-06 5.365213848555134535e-06 1.266433054251630561e-05 1.421870928116074654e-05 2.949478024150077930e-06
1.865841961387103981e-02 3.502564630862287433e-07 4.385478587059835382e-06 1.409880853390934233e-05 1.049669642395583270e-05 1.039365498283836237e-05 3.717656424423698907e-06 1.268584021224355873e-05 8.731241846750523611e-06 8.169217197451558222e-07 1.893025073297360195e-05 2.512543084778448275e-05 1.861512190704355934e-05 1.385453691502937537e-05 7.475177984442031207e-05
4.081994776932441311e-09 5.094756475650233120e-08 5.021674346557366197e-04 3.353319312685469969e-04 1.112172907851166506e-04 6.637230981922718942e-06 1.404739894333869930e-05 1.059223247508298017e-06 7.406079056764362067e-06 1.536223342817596155e-05 6.487155073119098223e-06 3.149606470395266923e-06 8.255396135196051534e-06 8.180004385572865909e-06 8.939585024948349756e-06
2.988401315822300728e-08 1.100197153317618391e-03 6.766229536259473406e-07 8.763502489171345682e-05 1.143397726691715249e-05 1.731878815918945928e-05 7.196973792546671347e-06 1.003238853939459867e-05 1.326774891647472388e-05 6.147839634512580527e-06 3.699387609968221283e-06 1.277768060663552694e-05 7.755299053635583825e-06 1.099046376481345774e-05 4.762124217174154648e-05
3.793422881927870083e-02 5.706234453611009998e-03 7.015008934965105865e-04 2.207409827017631837e-06 1.137104739269941122e-05 1.484312249470643892e-05 1.184655645071945581e-05 1.154554854636220480e-06 5.561593505771331795e-06 5.964483090505330210e-06 2.638670650598192751e-06 1.006654602746802497e-05 8.779967753291142190e-06 7.714029697682527935e-06 8.140780886177203065e-06
1.091301571085038537e-02 8.871013313987704619e-04 3.861698220024713581e-06 2.164854918250050777e-05 2.900377104505418970e-05 2.359300805766992767e-05 2.347733366594571072e-06 2.113897740220026860e-05 2.134530852835575301e-05 1.025146997966346361e-05 8.371093877929726987e-06 1.970713281719153331e-05 1.756962482875282865e-05 6.935854450571276813e-06 2.148330974795777625e-05
3.945679421368186557e-07 4.080178274081710817e-06 8.434961400287407891e-06 1.787667620206413190e-04 1.879056529817397625e-04 1.085885390342243990e-04 3.274170547860540836e-05 9.641960728799784625e-06 2.246041673660029804e-05 1.019134359627652016e-05 6.820747876323023007e-06 2.304824856550537429e-05 2.929820107081171674e-05 1.730868318611150826e-05 1.032691383872334557e-05
4.168813033707986516e-07 7.515303709838463168e-06 3.709185351457859495e-05 4.430693299897389535e-05 2.003351731774251644e-05 3.033311557397888697e-05 4.896653470720764096e-05 3.899606454077791820e-05 5.789332903675688580e-06 3.697021623310621583e-05 5.550275663048648018e-05 5.695996120530887047e-05 2.864142396106743050e-05 3.081590997480406803e-05 1.180204431308483928e-04
1.422962804146529379e-07 7.374370789209717210e-04 9.986580187362650000e-06 2.291868446965948200e-05 2.280301679485814917e-05 1.484392366744229251e-05 4.362115049247043577e-05 3.876688399997307724e-05 2.115429718760458090e-05 1.668735307724675936e-06 1.864242255423828888e-05 3.050228473840289003e-05 2.191369067570571660e-05 3.129854635629654822e-06 2.242954977439230295e-05
2.055231142919237769e-06 3.552187569524152717e-05 1.087109172684724758e-04 6.003718883359107877e-05 6.299765368541793576e-05 7.475013776321049631e-06 3.118411192973468473e-05 4.535082917063604647e-05 3.651332319656940239e-05 1.504146815729389196e-05 2.673311513288336404e-06 9.403022610314480542e-06 1.215336195343660898e-05 1.133363178509884599e-05 8.159292769881020449e-07
3.554204913397733271e-08 6.686568695563094067e-07 2.013511935889695386e-04 1.319088058216311511e-05 2.542736956142362391e-05 5.473433935629361511e-06 1.282408691805474876e-05 1.167893182294323104e-05 4.036508373023757586e-06 6.000964607888756790e-06 9.962829325062750850e-06 9.112467009224601446e-06 1.948122596466259289e-06 6.277751555666776691e-06 8.743269075240884682e-06
4.483196244939908784e-07 4.086128147594432764e-07 1.546330091368569831e-04 5.946626001459244891e-06 1.382195171429680113e-05 7.327462728940681802e-06 1.274103704294595282e-05 7.333393421560838003e-06 3.024053434711652141e-07 7.702367631214038601e-06 7.697761246089841863e-06 2.121362631065016767e-06 3.714247599420228214e-06 9.726874402879405799e-06 6.236797711304815822e-06
2.517819424745324115e-03 3.020178298648145114e-06 2.325605945778105732e-05 4.105508610478633854e-05 7.155427223238000477e-06 2.085421892226734222e-05 1.754294267245787043e-05 6.617116348630660224e-06 2.572645880117387896e-05 3.626223608017382840e-05 3.302690361198292601e-05 2.132812691317477984e-05 7.713126278194049881e-06 6.528607602548506240e-06 1.154977521959684137e-05
9.859557646790639840e-03 1.100428604835991905e-07 1.135793145464303566e-04 1.866082872447024742e-06 3.345128957923363181e-06 5.033571164071068157e-06 1.833660155380171577e-06 1.123069023219952034e-05 1.545840211873757294e-05 1.697559983056207429e-05 5.457607613967884685e-06 9.542704038409742615e-06 1.413889479827996327e-05 9.566504807700413219e-06 1.592703905945164184e-05
3.054692112265209804e-08 5.530948288569443199e-07 2.485066230398656837e-07 5.097666998043004129e-06 2.060565341222016410e-05 1.612146651010548906e-05 1.818151767523008026e-07 2.028765885282711072e-05 2.629216625088604537e-05 1.710425973379838384e-05 1.911957572702933912e-06 1.896463691368341503e-05 2.789887903042219530e-05 1.636562232238760560e-05 1.842504882149051482e-05
2.190319693433636500e-03 2.111474365210150673e-06 1.424465193860283515e-05 2.040530796209329812e-05 5.005768859768115276e-05 3.121068616587933849e-05 1.292699068550292883e-06 2.236887013711966524e-05 2.919356564142844417e-05 1.493190772782457037e-05 7.961246346210753115e-06 2.315820455249213635e-05 3.053239034056808742e-05 9.768144153652714366e-06 3.556919492030112285e-05
4.831539867834637632e-03 1.383237606673060203e-06 7.376725111521190556e-06 6.338661471661737368e-06 2.153942354483575792e-05 6.677873718464892976e-06 1.721547609424843356e-05 2.398594258635816648e-05 9.784382761797395453e-06 1.391618524622086459e-05 3.564836873961872889e-05 4.443903850890585473e-05 2.599785213135425696e-05 3.288676209418904832e-05 1.334591328389370048e-04
1.021739128942732823e-07 1.100745175117670215e-05 3.785803742812901215e-05 3.501744990851276212e-05 5.090589165453403601e-05 1.208813458027394571e-05 1.832341152802023908e-05 2.855926536260695143e-05 1.728165894378116163e-05 5.675548222531602886e-06 2.699698376917520953e-05 2.587472892920959831e-05 7.305389733252921810e-06 8.266082864082870856e-05 2.102962892617400020e-04
1.348311915329718225e-01 1.036207738101005589e-02 9.348865269010960032e-04 3.535342655564480220e-06 1.370016564159284504e-06 1.759286647399425276e-05 1.959201103890374457e-06 2.216326991371202825e-05 3.530299194136508824e-05 1.997494976306961865e-05 6.161434535267623676e-07 1.830829452501899900e-05 2.816344675013610291e-05 1.144277568056955324e-05 3.182187299978082905e-05
4.034146826376669957e-03 4.509819410672667301e-06 2.387119345205556176e-05 9.492907316824618651e-05 7.044553154285139462e-05 4.100006117469833698e-06 6.513780797463288811e-05 8.011402626442737243e-05 5.622602375406584625e-05 1.046954927606210436e-05 3.507302277314426560e-05 6.684950192730254657e-05 6.335950275489159286e-05 1.779697759689890998e-05 7.590185205865617899e-05
7.450221538812443284e-08 1.714529989129474387e-06 4.922353339461732817e-06 2.658106209085836133e-04 2.696060595712100865e-04 1.509714853284560413e-04 3.683078132860942818e-05 2.943339053395728231e-05 4.825899607127699138e-05 2.922590826733730590e-05 1.099089779975251153e-06 2.906370607508449089e-05 3.791931086664826722e-05 1.734268778577602622e-05 4.039411902348339083e-05
2.869920321453251974e-02 1.387964597367202013e-06 6.592500007381532131e-06 2.709485227606533639e-04 2.037278814251429254e-04 5.574699903155848655e-05 4.522554059003306662e-05 7.771080219654092421e-05 5.384838878006925817e-05 8.950887810129707603e-06 3.665253726301459557e-05 5.120342442288836553e-05 2.225622874344791464e-05 5.263838405650209535e-05 1.850955679175416639e-04
