-30.026976692523167 -362.39020462601036 11974.464346478155 -263877.6004699444 2364309.838973371 -7671916.052967688
-35.582155732112334 111.90314631033206 -4150.560032327878 16062.509440469203 0.0 0.0
-30.44894124863788 -313.3459182240213 9436.948502215906 -189036.105642307 1506956.4471170797 -4344172.185483321
-33.348807533854924 -59.98620926749587 611.9344800529849 -34107.870266292615 188225.81445237217 0.0
-32.85058937346777 -111.37338038425729 2575.0137606555595 -68041.57738833499 493549.2115044884 -1134475.4961693306
-33.69872364085095 -40.71269203681533 173.72537405966833 -25471.745787887045 136299.87269132744 0.0
-34.039894396863815 -21.808597353754575 -217.57109960077818 -20473.512565598587 113706.89851183748 0.0
-34.98310265506048 52.67985637729695 -2578.998277881377 17894.180360527953 -182016.16200565046 866167.2815976305
-35.44223861155317 86.58938716347572 -3616.3322429306077 35117.35570125464 -314182.66235389735 1243078.7657126046
-36.6769328163862 188.1352485016318 -6960.69878444785 90636.60839779985 -756662.9938337416 2599762.984533458
-36.627006284328196 177.7600770550312 -6496.449168845422 82979.81928751404 -691658.9434242132 2387177.1504980354
-35.997859127396495 115.86843942034952 -4224.7275567998295 43940.58295688616 -357618.90712709434 1260392.3572480588
-36.76842693763677 177.13229113230295 -6197.528473104664 76324.57844774653 -610366.4113942737 2015925.393136404
-35.48924247845375 59.34448290248644 -2048.9850466491125 6502.826477504531 -32744.612416959648 153644.81852776167
-36.909446665995894 177.5258550870881 -5983.437271843226 71937.08030101868 -558362.9511496362 1788291.082934427
-36.91247011696913 172.52908976211808 -5724.5072161993785 67565.1405077178 -517781.066766651 1638944.3556994481
-36.746685795039014 153.8348408901121 -5033.536172716906 56524.066602443934 -427267.1322607359 1344794.8741573791
-36.89407285678571 160.6468825784751 -5153.22300592961 57995.49612204702 -431020.3640672297 1328426.487856567
-35.85431326141568 65.66136856384728 -1869.3692803560034 4142.884690832171 0.0 0.0
-35.85930295556368 62.810218868683044 -1763.0238433658305 3553.362470448952 0.0 0.0
-36.90487270860062 146.42174282357573 -4441.845715864378 46259.539137810556 -325120.14472182584 953281.1075525667
-37.15182104315637 165.58822247616587 -5127.997396402736 59658.098404264485 -447271.8455661645 1378667.0614682222
-36.836920406667524 130.95757392870553 -3793.4653620418244 35925.43438146502 -237965.70328099476 664792.1809071741
-36.920150573068085 133.10597622075056 -3798.5465310163945 36089.0558599753 -236617.43250016822 651306.0709335528
-36.908890131218435 127.49625600842228 -3556.366912541055 32383.80017341377 -205807.62881962248 550550.0963011221
-37.02031286557124 132.59274067985913 -3685.393982330281 35009.55109846296 -228348.00775333474 627401.1469776066
-37.122303849958556 135.5635866101747 -3697.9414729543228 34886.45369808199 -221339.14383624875 584785.0444332374
-37.01468268238726 122.25186868144924 -3223.0262647268096 27723.37906344156 -165834.00494151868 416396.05829600233
-37.17132813558813 130.02999024289292 -3410.9105961133573 30752.517446252834 -187104.08401256867 474383.33476949274
-37.31464427068087 137.30123145185067 -3602.419025941558 34106.76688787954 -212725.519305206 550308.3249072139
-37.408644445144425 139.8333699651556 -3622.7187177660307 34476.30713021575 -213450.4280839097 546628.6125476932
-37.521518982332864 144.65110434873597 -3745.4392890285235 36915.10403481405 -233578.14359285255 611020.4401132134
-37.49730586610538 137.3950647612731 -3455.6633028414844 32464.455887480723 -197791.11202036566 499434.7120816246
-37.33170669930923 115.95766430538391 -2609.0570585419923 17221.980591680203 -59152.50505351137 2746.279908322082
-37.68995991142979 143.47548821836264 -3575.832258082339 35127.32670932404 -219393.39841778876 568042.4646892097
-37.70831055514651 139.4766909456442 -3393.6246461819255 32362.897217839192 -196501.8191214704 494734.795046816
-37.706608807281114 134.07181803833515 -3179.1129177946923 29296.17231447428 -172971.24737681408 424542.477890886
