6.878782534422932249e-02 9.485836673922768813e-04 3.009092204804454749e-03 7.419888367382922179e-04 3.060588483585824967e-03 3.032434452137733154e-03 1.668942096206938331e-03 6.459855586989729254e-05 1.544925595010274719e-03 2.454428911033143708e-03 2.664268358562565941e-03 2.161529618037465530e-03 9.935997578333312027e-04 7.661671015650472778e-04 3.026537164174775488e-03
1.446948146728715134e-01 1.010885330940481611e-03 3.715298288490066162e-03 1.319146886080368140e-03 2.566915891592526713e-03 1.314870693807302293e-03 6.034355179905484968e-04 2.207883349917112541e-03 3.102564471422765337e-03 3.212595225864544463e-03 2.602713737748130803e-03 1.384185722799138917e-03 3.086826669105666035e-04 2.370936986202205540e-03 4.707334744806806158e-03
2.790423686074571668e-06 8.051092864935649614e-05 3.804128934435708109e-04 4.439311376739110107e-04 1.362363604434899979e-04 3.483817875153257752e-04 5.239722675774347548e-04 3.741046402657440093e-04 4.255927179215908152e-05 3.028283052133231429e-04 5.226294014026657041e-04 5.325143244627758652e-04 2.720812721496992871e-04 2.863467646646980285e-04 1.151067852822483181e-03
3.100911946031323870e-06 8.573960817276948311e-05 3.882520725194253696e-04 4.439111456880314756e-04 5.768598578538413626e-05 4.359317560577474662e-04 5.998583718231706571e-04 4.487849977251969261e-04 1.292612761349462699e-04 2.104798319271518575e-04 4.664944414064603430e-04 5.639808522399128140e-04 4.818435679006470552e-04 1.985107533737568472e-04 2.834436993799831564e-04
1.158053859767497738e-07 3.424425859103566211e-05 2.899904338443086297e-04 4.806769040287585675e-04 1.661856760358770000e-04 2.136858235731032131e-04 3.247170217754677965e-04 2.132352641422529521e-04 8.576173295584007777e-08 2.047908169201633204e-04 3.381923844817009972e-04 3.616283872872815778e-04 2.671479389498170086e-04 4.624620034795117818e-05 2.920206493860649810e-04
7.899783050323421824e-07 2.070537659925196215e-05 7.757304167811675223e-05 5.189812408930554594e-04 2.301074525014484048e-04 7.588485439565293518e-05 1.742209576670184629e-04 1.211874141221074458e-04 1.308235888855978146e-05 8.034187453346826151e-05 1.319932424551807507e-04 1.220847410267881681e-04 4.584372309397677315e-05 8.716541640813222865e-05 2.727110220666066512e-04
2.730568145510477342e-07 3.181287732372384171e-07 6.698629671357700334e-04 9.040252454828328108e-06 1.699217128275764337e-05 4.754927978178207399e-05 5.525174217967975719e-05 2.498701716439578950e-05 5.912482131521789251e-07 2.200560414326896446e-05 1.385748246071018312e-05 2.135079409311998503e-06 9.222970549584972216e-06 1.142961407472543103e-05 1.294531779410710639e-06
4.489205880447455622e-07 1.385532041956901280e-05 7.287122080439987072e-05 1.130940499967765062e-04 2.734342503359824442e-05 9.032197333675344518e-05 5.903970739679069598e-05 4.967883322677539715e-06 3.107677924991756192e-05 4.306522158687930654e-05 3.134026831870032184e-05 8.157698379186583565e-06 1.182085140165961841e-05 1.750899359222502874e-05 1.351415430782043917e-05
4.751742829534179108e-07 3.448499086064228496e-03 8.826462074960809512e-05 2.147656634173054468e-04 6.710133447862332630e-05 1.850936584079549449e-04 1.513714040151210524e-04 6.433149278550225514e-05 1.783379078037916016e-05 6.417857437725220284e-05 8.023812057514269781e-05 7.160811458491629915e-05 3.499625438302255570e-05 1.117848107426749592e-05 7.517555959181476471e-05
5.036593711898923464e-02 1.106034061412357317e-06 1.399723720295191644e-05 4.756634539738285975e-05 4.869403416035034831e-05 5.028376553979747393e-05 8.679319945023987012e-06 2.078999458735784596e-05 2.156611777940698523e-05 9.682835550581069114e-06 1.557441766103641217e-05 2.595648821937102175e-05 2.673114954442973190e-05 1.103096259990650683e-05 1.732562118064231180e-05
2.783393631862779588e-07 1.043080894821531238e-05 4.406223328013989443e-05 4.309684423624864693e-05 1.536833320374654874e-05 8.413111107557690266e-05 1.456828406289233557e-04 1.447229812277320022e-04 9.128267443543195195e-05 1.453757740795299364e-05 4.150410865003919587e-05 7.782787586529340445e-05 7.887065671780048325e-05 4.018319438326519897e-05 3.744380168962520793e-05
5.052804833230323256e-02 2.395384464721245395e-04 7.752872310240291635e-04 1.791291130255618497e-04 6.146089005840986094e-04 4.927307414262577711e-04 1.459091678918668605e-04 2.142974162523962514e-04 4.835701894985086342e-04 6.268198724886965556e-04 6.344038822959070876e-04 5.048216212642713885e-04 2.433207074371187271e-04 1.411690764083560587e-04 6.473386396144529967e-04
7.651807230462925233e-07 1.997399522746792837e-05 9.245125619683945901e-05 1.205363204565506582e-04 8.122557248014925955e-05 2.105182017630298125e-05 7.373957274904750976e-05 6.312904633508050530e-05 1.839903507650990464e-05 2.648249913348921431e-05 5.990323327284618142e-05 6.614223398481514353e-05 5.068202356096718984e-05 4.270908664052022365e-06 5.955331819748418032e-05
2.492281016587869213e-01 3.728633623625075832e-02 6.735475973312555868e-03 1.061005044209600671e-03 2.754152459465701014e-05 6.681979531023816987e-05 4.258397604821029836e-06 4.019538248639504510e-05 4.358667626023094571e-05 1.534367734301017014e-05 2.849521173247938268e-05 5.781469781248337362e-05 6.238063367464211908e-05 2.617410961075176013e-05 6.147107529494446839e-05
5.548732252651155869e-03 2.670662769836642430e-04 8.748990904504067674e-04 3.121855961257236881e-04 7.110675523038011234e-04 5.674982506925878301e-04 2.280566415283312714e-04 1.189692133424453052e-04 3.817596596754311579e-04 5.328920802138852096e-04 5.559567338597585801e-04 4.336325766456202899e-04 1.751514633316917703e-04 2.185780112294894047e-04 7.486844420767460899e-04
4.402999611132726137e-07 3.070981232338649605e-07 2.568385244731005929e-04 1.586914165401135992e-06 3.053823755088023680e-05 3.636172094752977781e-06 9.070430243492255871e-06 5.395058364951180279e-06 8.176880661604151812e-06 8.736015775975854831e-06 2.210424300257533271e-06 1.092004035587880898e-05 1.742321894102723327e-05 1.222716469086068546e-05 1.166731910495114932e-05
6.722789671377572202e-09 4.493434910018915943e-04 7.909673777855293116e-07 5.704002984848278513e-05 1.164990582039443231e-05 1.585840592030845038e-05 7.567729617894828214e-06 8.994043231200705730e-06 2.089749078138254098e-05 1.504061662644679760e-05 1.171601093883082011e-06 1.536068138490373288e-05 2.349398778867442037e-05 1.871504732119703637e-05 1.084901349601720287e-05
1.134298836326739016e-02 6.049584430639292314e-07 7.573075738888255757e-06 2.387622206811679758e-05 1.535881388917250938e-05 1.942453089827316746e-05 2.628044122524526255e-06 2.132548968578229333e-05 1.550482512383130349e-05 2.146825711384057146e-06 2.615981249125076021e-05 4.973478739967874526e-05 5.384611507152415363e-05 3.873167558225084652e-05 5.059385670082444370e-06
8.497248390383618441e-03 5.738893668758303623e-07 7.405694341578790107e-06 2.525042416969809110e-05 2.510362005419615567e-05 3.191340725802248952e-05 1.138362343724119088e-05 1.644359945513716240e-05 1.891110209625941746e-05 9.279849220984442762e-06 8.439673842010725596e-06 2.028144259249541669e-05 1.775109767091173651e-05 1.143651051251911824e-05 6.528178748908650033e-05
4.898703265614253594e-02 2.113823452858948094e-07 1.734968580674649740e-06 9.319638586541056707e-05 1.601349376019589786e-05 1.881247838757310793e-05 9.698404312981226413e-06 7.348480486758024791e-06 1.764006227458340923e-05 1.228776742052449158e-05 1.305841864538865087e-06 1.626915408446982621e-05 2.273644885185112409e-05 1.392004218411617083e-05 1.428335684910355060e-05
1.092297712900172610e-07 3.126182503287824316e-06 1.344405757520883905e-05 9.599252440240902095e-06 1.444075162914332185e-05 1.597419330269420442e-05 4.362675915863754297e-05 3.691694446869801664e-05 1.071395847838542601e-05 1.862060122642827348e-05 3.601854192241269245e-05 2.686613197159724482e-05 2.062334351739743523e-05 1.107692106063140413e-04 2.471410691447840664e-04
7.463889897620535071e-08 4.335166294860982525e-03 2.145365885023548417e-06 7.755151387728039620e-04 6.171078334425582259e-04 2.995556664324623437e-04 5.944553146714403393e-05 6.151756449694642070e-05 8.231757004832057742e-05 5.196722920026303623e-05 8.368322324511751764e-07 4.150886119578178421e-05 5.026617493898127950e-05 2.180631901662426526e-05 5.664455290883612867e-05
2.695155838247434991e-07 1.023381428505467958e-06 1.946300499630387502e-04 1.826047964322479394e-05 3.404651650182377224e-05 5.468932900751932086e-06 2.976657085434271133e-05 3.843452798449470544e-05 1.419871773380999215e-05 9.042718689018196994e-06 2.646152567174060271e-05 1.988130466365923155e-05 1.374385999892013928e-05 8.435356356910956221e-05 1.918002140936159638e-04
1.966982458335787831e-01 1.344871004239528954e-02 4.105581671596537761e-05 8.553613729652903910e-04 2.847771692059128997e-04 1.637832096572291866e-04 3.188265815248516287e-04 2.550713608831538162e-04 1.007898675404581863e-04 6.758087659456361992e-05 1.881595087865101546e-04 2.228876524557644198e-04 1.566140744166424870e-04 1.236930371971292808e-05 2.929472756885408971e-04
3.155858877996283163e-07 8.274435557398014058e-06 2.954197285413138097e-05 1.068550616168197390e-04 6.279829996862589772e-05 2.066311823018193659e-05 7.509561181653210044e-05 7.174059703126905540e-05 3.133158944956354304e-05 1.271818600148963416e-05 4.912077090508594642e-05 6.585729074537810730e-05 5.350744025561686228e-05 1.414457110454512019e-05 5.492657964502866699e-05
2.750503748598241486e-07 7.497686178810371520e-06 2.800922516710439234e-05 1.249969114259382689e-04 7.180368887778062830e-05 1.791015070181674459e-05 7.491635291252423561e-05 7.963964530855587325e-05 5.673264861849227475e-05 1.591521750358105292e-05 1.540947636469254244e-05 2.965425566541369978e-05 2.801258784239245137e-05 4.450412132888813857e-06 3.327009302385516441e-05
3.391214728037862256e-07 2.505032638592499111e-03 8.275570449092316120e-05 1.974046354733182361e-04 2.138217825628957423e-05 1.115470064641686587e-04 1.134756573129257489e-04 2.351450033054081789e-05 9.118195106069224313e-05 1.874104902776126396e-04 2.385952752140175657e-04 2.314916794420110999e-04 1.599138682172205554e-04 3.225596416850070366e-05 1.517655568778885234e-04
1.414202336998626700e-07 4.942298187925677107e-04 1.588524571949373414e-05 3.875709737158971555e-05 1.213336660113311125e-05 3.486579620963468782e-05 3.754457524817450537e-05 2.406602549657458121e-05 4.872962570647108753e-06 2.705538257073333345e-05 3.399736520052534501e-05 2.787746107335286889e-05 1.239236865557399658e-05 5.193100789034849150e-06 2.381592314672673988e-05
4.257529169953829656e-02 7.401863705156473476e-08 3.822245021714311204e-07 2.022230839794230656e-06 4.471174078643655946e-06 7.353053607541252264e-06 4.359875922310811909e-08 5.502260925638259924e-06 6.364673814682931650e-06 3.173949513947170184e-06 5.045666002446421885e-06 7.298829109024887450e-06 5.753749838532311307e-06 3.309874146202802011e-05 8.681180612055852219e-05
3.800899801950439915e-07 4.132592571812797872e-06 2.313594557819291579e-05 3.992782755919567614e-05 3.881771685052842503e-06 2.938578699027537418e-05 2.213635034942490278e-05 1.526867918278480112e-06 1.661946144119550375e-05 2.379713960755318173e-05 1.528194039953019760e-05 2.287466504903291769e-06 6.586461384706014729e-06 1.334984357075635801e-05 3.642457302486481277e-07
3.559788049422193777e-07 1.593290138085140754e-07 8.388067837579897882e-05 1.599338029699808956e-06 8.806239569419477111e-07 6.930873010339448589e-06 2.204746044719977994e-06 6.133620497890510458e-06 6.524707536060743902e-06 9.289327052697744476e-07 7.525164877147863083e-06 1.114204293836757579e-05 7.829441908467783191e-06 4.794926547914388801e-05 1.170853196094117119e-04
2.026031813649097338e-07 1.966736823420598879e-06 5.979437553088992713e-06 1.728599225306323771e-05 3.956515123347781961e-05 3.034294277000544344e-05 6.335733001677469580e-06 3.560176048079726553e-05 4.030877387093720858e-05 2.533910001185178600e-05 1.856205885080063432e-06 2.215332107825028696e-05 2.991912189040914230e-05 1.961376442084046616e-05 2.397022231709157783e-05
3.330153475051715606e-02 7.190307013075752413e-07 8.425494750305033360e-06 2.215778042643240671e-05 3.026457486939267610e-05 3.800590005263738676e-05 1.277033987628671617e-05 1.397537180770450522e-05 2.901486538911232963e-05 2.067194358109190205e-05 2.863560989551118005e-06 1.461184182430480365e-05 2.508076284808868390e-05 1.575235510171624494e-05 1.739123173548725153e-05
1.999328515391493450e-07 8.143925359526844594e-06 3.651058814447359483e-05 3.067485666263611044e-05 3.362597331118514517e-05 6.317356452575216545e-06 4.696455709635185101e-05 5.525568803339222823e-05 3.276405823319763550e-05 5.479806228317593065e-06 5.018764251332008774e-05 7.947271483205178779e-05 7.538234683429680138e-05 3.680538689523248980e-05 4.298648852745441581e-05
2.466035914200672904e-02 8.707498647840738566e-07 4.030742279412350841e-06 6.178605364755965549e-05 8.217906439112875484e-05 3.127042858710747843e-05 2.703694743435647316e-05 6.010832661380384782e-05 5.732648155575869507e-05 3.279116289663477798e-05 3.081111116184185737e-06 2.388382276226490205e-05 3.294918293207746445e-05 1.314364926270014135e-05 3.517462461003030219e-05
