9.538453365750502480e-07 2.923815426232391319e-05 1.513208011017190134e-04 2.341340270273261964e-04 7.126867461985936106e-05 3.173782625610194175e-04 3.252015155443965127e-04 1.814969383414016075e-04 6.164541897898796675e-06 1.495383600530283573e-04 1.923912312163731232e-04 1.059232288995083112e-04 1.198702581672704011e-04 4.852736933053727886e-04 9.789307591331129592e-04
3.515904562770379545e-07 4.176419531573297691e-07 1.664959801423901365e-06 9.255962613457306937e-06 8.013793678701424826e-05 6.662317906884069045e-05 1.809073974674175209e-05 1.488428100124897936e-05 1.778900567565693059e-05 1.397367206903168575e-06 1.755094084067563401e-05 1.498523868584359627e-05 1.595605980159128551e-05 1.085296373219500198e-04 2.516341302936795287e-04
4.146611017857016165e-09 1.083486427062066611e-02 1.356190418148880278e-03 4.684290697746533136e-06 2.054153493460452197e-05 2.042912728706361067e-05 9.056496020540719564e-06 1.307778877930044134e-05 2.452758504203766011e-05 1.835312478058439279e-05 4.129026837178676124e-06 1.596103214109272699e-05 1.454884374601948559e-05 1.547864564097877355e-05 7.473693625966345005e-05
1.795095149117301340e-09 1.970089517378566246e-02 3.375377306223861090e-03 3.933326346324462390e-04 2.040611158974924783e-06 7.431883251087003269e-06 6.145631039530430366e-06 3.156200656080733890e-06 3.401182142181362414e-06 9.941570115496868617e-06 1.476660816749747969e-06 4.786120480152745848e-07 3.755148866408108595e-07 5.930727638220453365e-07 1.473705567434114404e-05
4.115521319412487962e-07 1.090082542922584748e-05 4.092950198465233950e-05 2.678944909750926337e-04 1.227959458584220007e-04 6.386565220517633965e-05 1.402948043497393024e-04 1.087002995436270981e-04 2.253253794346477115e-05 6.288816541715910814e-05 1.034820933134186066e-04 6.949503892563105398e-05 6.365646324743664175e-05 3.009687477271979030e-04 6.357858585469020139e-04
1.058574280164689546e-01 3.611839698896027971e-06 1.888832396498567293e-05 7.974627953326383738e-05 6.065660416747312720e-05 6.455420468542382494e-06 4.573764014061646480e-05 4.219208153617736486e-05 1.134638892043231879e-05 2.872564836500108917e-05 4.648866404276277934e-05 5.049783331045429205e-05 1.290834390589206636e-05 5.600851294159499771e-05 1.565752881418033024e-04
2.896004181868923473e-07 3.331525324739662789e-03 2.872381773369056989e-06 8.845866719576070874e-06 3.423206326781621817e-05 1.369549635514575828e-06 3.584856456910728417e-05 4.093165506795223905e-05 2.329054529945105958e-05 3.057510397376559797e-06 3.017125524353479017e-05 3.439717651939451574e-05 3.246369421527106115e-05 7.884739530010325447e-06 2.456844473252681909e-05
4.194088765744816542e-08 9.128929117039076614e-07 2.595408654886122260e-06 3.915547615911252463e-04 3.187540209431456869e-04 1.480035791280963483e-04 2.795986324465001544e-05 2.158434847545408498e-05 2.346575321886945411e-05 3.002117714723763089e-06 2.237063322622542997e-05 3.450041634225557805e-05 3.407914621665834566e-05 1.419136093223667237e-05 1.474683117359188999e-05
5.759195801257264297e-02 3.827968980457500513e-03 7.393338314376151622e-09 6.722032206734085884e-08 4.700993507224409843e-05 2.434973457482605304e-05 9.646964926602681474e-07 6.948712273356088425e-06 4.728499216160071689e-06 3.680619999381763873e-06 1.428044769897723008e-06 8.354151072426296606e-07 6.719921262846889450e-07 4.076560742399310139e-06 2.625335695932566417e-06
7.396057897335159455e-03 6.538345640597304029e-06 5.038689305745545558e-05 8.965449533670949455e-05 1.647736715378801228e-05 4.269252114673148600e-05 4.193335674710125410e-05 9.004598077566250687e-06 3.007590906926202549e-05 4.572647770048858388e-05 3.918619045292372991e-05 9.733939444299711204e-06 4.683397218871362391e-05 1.139292302397663795e-04 1.869389544942978276e-04
2.013568649434179306e-02 2.809018639756162236e-08 2.657902558134351200e-04 4.780379228534880594e-06 1.455118499476494624e-05 6.429431485108176677e-06 1.062070067527684407e-05 1.740142478385811416e-08 5.799274650985466773e-06 5.997660507897944894e-06 2.012948059976871010e-06 3.571255730886993566e-06 3.728650865211188965e-06 2.753772789971080579e-06 3.271706475768252525e-05
2.950276346478450589e-07 5.683705801250358031e-06 1.432821108771319028e-05 3.517653790636051617e-05 1.542147315302023645e-05 3.088918520867244965e-05 1.280178516203122348e-05 1.018764049847831509e-05 1.613400556259047649e-05 9.713346118853835080e-06 7.358212321203349985e-06 2.123504509513842104e-05 3.293526500171385988e-05 2.638284890314939384e-05 4.292508038771960124e-06
1.641588706373682708e-08 1.702796005904602726e-04 3.768233022419804687e-06 1.696093017691648614e-05 1.505488138480324629e-05 1.455239684550088371e-05 5.296378359841167005e-06 1.522060807226237276e-05 1.437398439351539453e-05 1.341232349550148426e-06 2.570158602656360687e-05 3.762713699113779124e-05 2.945344479038988756e-05 7.206791520446715776e-06 7.209319168056207733e-05
2.868029525327667255e-08 1.081872275518635899e-03 6.969160994181735025e-06 3.336785533925872471e-05 4.104810400395171550e-05 4.751780962636769035e-05 1.845190888771304000e-05 1.326060573099296907e-05 2.020651129832662406e-05 1.129743359210696535e-05 3.202129859281516706e-06 2.077061957125485165e-05 2.825149716103767753e-05 1.311237119621996359e-05 1.823743700948757246e-05
3.391574279072169787e-07 7.089662365679924173e-06 2.577623206050723938e-05 6.529906559046872469e-05 6.200423555678182821e-05 1.837941357288558613e-07 5.720182939585137239e-05 7.713180297137460343e-05 6.601698940991349539e-05 2.764895547265788217e-05 1.248165004227141912e-05 3.772915854112688619e-05 4.312330519496535594e-05 1.954191275694407427e-05 3.910910013227381158e-05
1.683660830042131920e-02 3.403945956526816355e-06 1.771074710424978778e-05 4.544845052357672662e-05 5.179518190320858879e-05 7.074700394358171006e-06 3.079274350458767592e-05 4.597954245416361376e-05 2.716730985781700943e-05 5.376103779082291708e-07 3.689685095203907856e-05 5.867051029322675417e-05 5.523134840356033558e-05 2.443514228697880536e-05 3.618348691732507934e-05
1.765855635107531580e-07 1.436754224687162381e-06 3.422374792836767213e-04 9.073389840696052008e-05 1.210576191592584196e-05 6.239459067760473802e-06 2.312410946435800255e-05 3.307926032288787950e-05 2.132994630490039174e-05 1.298896449618593350e-06 2.131347678336478014e-05 2.738229647623814151e-05 9.112669339248357541e-06 3.043772062371558353e-05 9.472103344165993990e-05
2.311971688504664776e-07 4.276758584270139076e-04 9.869061433770644394e-06 6.749198363738087862e-05 4.983712505037226942e-05 1.435835805990048585e-05 5.396112730280611455e-05 6.104828286285872148e-05 2.861958925253132931e-05 9.617623254157902938e-06 4.039612560777695074e-05 5.918371310156989192e-05 5.221063977350785606e-05 1.369301345560714836e-05 4.943782998514594738e-05
5.512948968960014514e-08 1.070570806517641047e-06 2.586172289459259593e-04 2.065766211235685689e-05 3.845908641271946068e-05 3.166901411609908878e-06 2.678227779679430486e-05 3.552345451985334623e-05 1.963847691390836628e-05 7.747494104008166818e-06 2.612661056158557712e-05 3.102623246369570379e-05 2.072867697364566829e-05 9.434667819205928857e-06 5.519971659403636574e-05
5.532284645726828648e-07 1.925019047876028915e-04 4.016414429869870573e-05 9.219539835315003430e-05 4.003534795854959299e-05 3.318277125584504557e-05 6.535887613504390238e-05 5.544920910710727781e-05 1.499356515569180381e-05 2.347118252281872740e-05 5.630376230790853529e-05 6.030338622805930224e-05 4.352399122455553659e-05 2.939878184348851434e-06 6.633368053408843592e-05
9.576479843565693667e-08 4.003714717588240891e-06 7.682196308144319653e-06 1.661234636026850313e-04 1.299534174605833619e-04 4.750723779220124450e-05 1.830984897039643131e-06 1.544594019586324686e-05 5.870276348572651560e-06 6.974088687767618530e-06 1.637659081244928084e-05 1.550283245321995828e-05 2.447901358230240442e-06 1.760280851479877707e-05 4.900528286500667534e-05
7.284430375917880508e-09 3.632711973040934125e-03 1.268064129799562328e-03 2.630266755054154644e-04 7.103370648761677941e-07 3.030119763801896062e-05 5.663936415935528996e-06 5.321763940915202663e-06 2.810029121354577161e-06 6.269139407859261297e-07 2.785003910472152695e-06 4.018072263115381541e-07 1.051835698957748133e-06 3.844305575316208709e-07 9.100987479790915092e-07
1.518578321837224174e-02 2.409505001325506509e-06 1.323287324271254539e-05 1.072597569153465328e-04 4.899254875307047135e-05 1.172186667256382385e-05 3.443825862069782606e-05 2.411519339869828288e-05 1.560133708325087419e-06 1.894111430886602642e-05 2.693798309546029340e-05 2.376484750516528126e-05 1.257578579070934548e-05 4.718482895373264665e-06 2.317224865976839551e-05
7.684557101976732460e-03 1.248797684815507468e-07 1.003298333479867861e-06 3.621360995786570370e-05 8.222817944232024500e-06 7.580392939767330739e-06 6.781159397844197469e-06 5.282891130081696826e-06 1.787307692037620984e-05 1.417574714933228542e-05 5.214511872830780588e-06 9.722088586747088511e-06 1.448041476056908550e-05 1.231644428113889514e-05 1.442429043196180657e-05
2.112440344897336115e-08 5.868295631548207061e-07 3.713795820610684074e-05 8.023004068294494750e-06 8.051557605603517297e-06 1.059124728949465479e-05 1.132085186043273407e-06 9.832496695741289210e-06 1.543837240010876338e-05 6.386541703878815260e-06 1.147144442552677454e-05 2.951928132295247184e-05 3.473014794637097568e-05 2.085661395402412343e-05 1.820854410611784000e-05
9.105097882412948286e-09 1.200786892473470905e-03 1.341108623404580218e-04 3.767422416099985339e-05 6.463439045396190234e-06 1.269024956311913473e-05 5.923794956566227820e-06 8.731412534422493997e-06 1.266757003365528215e-05 4.892409710689122944e-06 1.103313115570094509e-05 2.616011256709966105e-05 3.083771956105711763e-05 2.111523651659566637e-05 1.801747475297875141e-05
2.564386190859924840e-07 1.926159979282925355e-03 1.088272907829517742e-04 2.410784125026515959e-04 8.582880438990775622e-05 6.303359744474790927e-06 1.393879398970578805e-05 1.897413525823400169e-06 1.152250037932308378e-05 1.619356575232498168e-05 6.105103790714747350e-06 5.678507787139183088e-06 1.231819742266323721e-05 1.035534798444510753e-05 1.398694516992225426e-05
4.366840159729139942e-03 3.942034696083999606e-06 2.851085614329113867e-05 4.477627055452068123e-05 5.953747870368228075e-05 5.915436162772307525e-06 4.600782998320001520e-05 7.615160662637540374e-05 7.098507021901819382e-05 4.711439931203083872e-05 8.008064849529265470e-06 2.302033710795998192e-05 3.343358046437384966e-05 1.426884208256032124e-05 4.283459548664080897e-05
1.412280369909463570e-07 6.048392114023445508e-04 1.713685901605660528e-06 1.512571800695353142e-05 1.116575303240538889e-05 2.568740770236884568e-06 1.179925332458463520e-05 1.062119269290557755e-05 3.564608810217250100e-06 1.552001754803571787e-05 1.337537730790835626e-05 1.685791644040067656e-05 8.884895811707576338e-05 2.063410865141984153e-04 3.812575821433423465e-04
3.745250664262669499e-07 1.037538332813775921e-05 3.840601588124678209e-05 1.006607520388054852e-04 9.105297994930216003e-05 4.379747047790278201e-06 6.482627966232483864e-05 8.918003842975987276e-05 6.936960279466348816e-05 2.652888369468404576e-05 2.114973888095351571e-05 5.245242842388527453e-05 5.935310726151705020e-05 2.171329384879250757e-05 6.142348017909080959e-05
1.278990315787845803e-07 2.364853480171011987e-03 7.000778138558464434e-04 3.413718718260004933e-05 7.464576275468385084e-05 1.382108468374342486e-05 5.774800061239913901e-05 8.010984484347699825e-05 5.787091152091193222e-05 4.877656654577161899e-06 4.649141383479550550e-05 7.849724568777964107e-05 7.863238785307915038e-05 3.617613030958698081e-05 5.909766485368476123e-05
4.266924800926566307e-07 1.311509078042633712e-05 6.256217872148059616e-05 6.795994271036089594e-05 3.416339907517913039e-05 4.646268925017865665e-05 9.147076982120954899e-05 8.021196053077297029e-05 4.145534201239002955e-05 1.133731768373592229e-05 5.093612188703456527e-05 5.923204946905019213e-05 2.888403022155225719e-05 6.024678841624213544e-05 2.022000513291908252e-04
5.256925790994810443e-08 1.308127450487517505e-06 3.792537915363781280e-06 2.958181417313594970e-04 2.885702066304799622e-04 1.549083837098462198e-04 3.759476613461275443e-05 3.357918938715634622e-05 4.838973193231799777e-05 3.054400595934231760e-05 4.922297541725328446e-06 3.072841125274012908e-05 3.894462230314111136e-05 1.988470052081346730e-05 3.467990280292247859e-05
2.806542942260987356e-02 1.100247955321264673e-05 8.147147087311859277e-05 1.207595204391007240e-04 5.029316867839610136e-05 5.556411247710408587e-05 9.390362822383350788e-05 6.892901566453672865e-05 1.370140760452769514e-07 7.109324301289761134e-05 1.155877861911624543e-04 1.167010475454062035e-04 5.803324769980721710e-05 6.890908062589140744e-05 2.591322564968980740e-04
8.859461008806593113e-09 1.334505278388030426e-07 1.919268861694017805e-04 3.572587891722275281e-06 1.638890758186099309e-05 9.255933452525885892e-06 1.674155600695256712e-05 2.509018360073360395e-06 1.626419345782753885e-05 1.697866085687856804e-05 1.742806053116243225e-05 1.008400181255855087e-04 2.417529824741716240e-04 4.407350934178921702e-04 6.973276638285302040e-04
