-39.98352107442837 449.70220347893616 -13510.440027524965 95876.29327146274 -54654.15647649741 -1494438.5560479192
-32.53821929146669 -185.64685306634922 7507.71492118495 -227395.60101054664 2324871.502000222 -8276717.583336213
-29.379331081498766 -448.23357143130306 15843.656454513173 -346951.3319976362 3134524.764499423 -10379154.38411473
-26.597862055194113 -663.8286265644658 22245.452709175166 -433153.3688309781 3681461.219758704 -11699644.138938395
-32.1926717312502 -224.10419704732752 8497.58528375077 -216593.31485544442 2002780.5040237878 -6614612.914499162
-24.708524325035345 -797.7900153111028 25679.11474577443 -464957.7883991363 3758116.51495089 -11481183.242611578
-35.33661745832172 21.778235692477566 644.8698056876043 -84763.83139245666 918049.9149635744 -3161840.7768036984
-37.17586666711611 184.49939051912338 -5130.177923670183 19366.47862046243 0.0 0.0
-29.162845339138688 -415.0470162947303 12457.770360658242 -231781.38093308313 1764312.8628237273 -4887911.068842392
-28.385978569556773 -469.8072029437796 13908.475274246332 -248140.11134884908 1850318.684153249 -5061122.499448465
-27.409973367437754 -535.6772642521825 15587.000965298897 -266701.7669955157 1945809.4219273448 -5246499.27080048
-32.78316439580953 -113.61044379707971 2436.8880169896083 -62915.78574530247 398194.463472144 -654063.9896093968
-32.86534982338251 -101.91596892459928 1829.5798852451032 -47464.90983101187 232758.84678631148 0.0
-30.81605292838636 -274.1415232373548 7524.070419604382 -139383.50659113936 977052.2899064425 -2415377.0237223427
-29.33351502125913 -375.7046833892679 10225.47812183839 -173257.87928855163 1188538.0968770825 -2948175.7210893664
-33.77496334756655 -41.36214731340361 247.16611295208773 -25087.361726477706 110738.49339312727 119151.2970622365
-32.54097775354689 -114.30945412281527 1639.286509207413 -30526.94426036891 31354.32926742408 696739.6351906747
-33.840254920903284 -41.61919352929806 344.18824187228006 -25472.927062324758 117591.30728761175 56873.508211104614
-34.828183131712784 33.51254125078887 -1931.7540988560406 9415.480206699818 -138195.73058207094 776296.1260828929
-35.3730324683139 71.8440139579556 -3020.084843919731 25635.477075316023 -251454.23544760625 1073517.9978492877
-33.962180926616675 -35.882635253729745 184.93024887868273 -20269.122656404394 77446.6547647805 133180.38059747
-36.03884555507917 119.71861053066299 -4432.432965995287 48026.07997323857 -413064.6014994541 1504031.2293368056
-37.81515047409951 259.8244207056475 -8864.268386320908 118684.1587771457 -966709.8462569033 3218178.5481968154
-35.53736753644329 60.70661088967836 -2024.3349336378742 3461.3387838867056 0.0 0.0
-37.14525789442864 193.54338018314297 -6435.8260348644535 77240.33389028432 -606378.4714197825 1970025.184404459
-35.54572946092432 57.31904319320529 -1887.6031105434888 2987.783019906241 0.0 0.0
-34.81638884446849 6.119535090690518 -600.7987510024792 -10013.022519684118 43291.29870507236 56946.356829979064
-37.63327973941052 218.14967388925507 -6912.605387200578 83096.77136548267 -625991.9878173106 1936911.7727982851
-35.68826732724178 61.73980917849521 -2016.6510793563252 8795.10074525267 -68632.00152165744 292883.70185687055
-35.70452313727224 57.65110319288945 -1742.791666806457 2744.109045910292 0.0 0.0
-35.6883164545673 54.981097454218414 -1664.4825131537546 2463.3372314729654 0.0 0.0
-35.7549462640179 56.31428581886024 -1650.5188988347493 2517.7905279468296 0.0 0.0
-35.48655994160598 38.807326619538145 -1267.3090428487026 -25.448596929396338 -2248.2557341352094 69687.04417984335
-36.029864333662914 66.30962196837247 -1751.0977408854114 3359.969290187594 0.0 0.0
-35.94234426348341 59.590731573621866 -1601.1337433866092 2644.0351984315257 0.0 0.0
-36.06237446520591 65.9030237066872 -1760.2782559778393 5387.860102244901 -19277.960491549053 50055.97432439904
-36.4925121603699 89.47389861444289 -2255.9672137573875 10558.259428008376 -39125.15331297064 57999.81883642073
-36.49521664787141 87.2270199578432 -2173.4144413064487 9899.307649238379 -34511.351653626356 41129.0325893657
-36.639346653786134 92.51675283904169 -2226.418136331274 9993.601727934587 -27339.0608160699 -2547.07147934093
-36.844184506087004 104.53456232744239 -2539.305067424306 14569.174018318234 -54848.44275025681 46847.902915434446
-36.76773603081556 94.99289710541436 -2222.2869200541736 10537.263779497713 -30146.474745661806 0.0
-36.77586174623321 93.43011239356859 -2189.056254083991 11198.97785939032 -41158.64669034152 49048.03871074854
-36.93298293975895 100.42851229007218 -2320.8727537260525 12741.70249116366 -45654.210495281084 37296.64728139189
-36.80874445285844 88.57426687704859 -1977.8180632002586 8838.607040068582 -24433.78427501299 1495.3531435091159
-37.02838903979161 101.4146626821654 -2331.922610254192 14509.994019701546 -66656.852959221 125220.43361075426
-37.32388227793561 119.66582615583258 -2838.04347477543 22233.98671553443 -122227.64304209557 282328.9481324176
