1.532142143553300965e-08 2.114589801811255290e-02 1.848166611666371672e-06 5.504656231106001005e-04 3.267374643667029670e-05 6.050351334649547964e-05 1.079810337712937398e-06 4.247143804457896988e-05 3.428107494504131525e-05 8.861198271270777103e-06 1.300036727532654651e-05 1.807076330309870076e-05 5.414933923642791227e-06 1.481233325766756390e-05 2.597345746170424285e-05
4.025771499542938302e-03 2.899935366316789263e-04 8.900642116101123782e-03 2.703423757780594287e-03 1.904064858790400572e-03 3.222480074066070340e-03 2.530619744945127730e-03 1.067281352082386902e-03 3.894690919143324083e-04 1.424105385380624060e-03 1.862857962965945580e-03 1.668367935654842043e-03 8.745457075198144470e-04 4.509565601152335694e-04 2.238268842310249182e-03
8.417038779168483754e-07 1.895290306951529362e-05 5.774784323117087051e-05 6.868903682274542840e-04 7.058385458888832235e-04 2.846257361243723343e-04 1.089595792979069242e-04 2.713478276827604530e-04 2.096848634573498843e-04 2.400014494928505822e-05 1.654628891568150526e-04 2.485022703960185642e-04 1.381243630643516889e-04 2.274792885783930832e-04 8.794610403379609460e-04
2.721715137540815510e-01 6.430320513078990540e-07 2.576888180067947801e-03 1.094463367891880534e-03 6.274971191187532179e-05 1.312223339550283563e-04 1.751026414907171251e-05 8.478894814995987367e-05 8.675071176954835136e-05 7.452450493150146007e-06 8.813657887050102395e-05 1.375639749801076594e-04 9.522764531961321803e-05 9.103251608740212130e-05 4.261419800487430045e-04
5.272138451032532952e-08 3.621417696711401365e-06 2.126154082326248574e-03 4.520710837031148625e-05 4.405965104727468311e-04 1.685137184619743664e-04 1.160908486703488620e-04 1.927962682998760112e-04 9.862156600736760590e-05 5.032440971176921249e-05 1.461910404893995089e-04 1.027694581514762209e-04 1.350427138433411942e-04 5.928871699996340026e-04 1.299479399126226078e-03
9.674453530995830448e-07 6.588558027902972902e-03 4.166294838188850595e-05 3.153803956812603593e-04 2.459514108545374071e-04 6.804133356347657135e-05 2.170155334114716038e-04 1.568987675885318131e-04 1.150955918502086110e-05 1.663361318506994949e-04 2.130635146083955452e-04 9.276507555720423480e-05 2.356242596963223140e-04 7.812952372466908189e-04 1.549394450629510865e-03
1.995857195652857072e-06 6.535760240031430112e-04 1.425312305591133809e-04 4.047249862495658169e-04 2.724110579352886376e-04 9.508402507159739118e-04 1.195186024305401216e-03 1.053518625168686600e-03 6.965999041383125071e-04 2.922351494579055343e-04 4.260345508408341892e-05 2.338445203545374597e-04 2.524034694412258034e-04 7.381501943390366154e-05 3.025307810362660088e-04
1.894101664890815976e-06 4.774289935653890576e-05 1.728033053563793613e-04 8.497088271200146405e-04 4.638522897963336892e-04 9.840193934075038788e-05 3.821746024727180804e-04 3.875143333114766621e-04 2.323175856603371808e-04 3.152600961739013898e-05 1.376722461383111278e-04 2.212958826762717428e-04 2.020434562941572198e-04 7.845495698452496813e-05 1.647800421359632886e-04
1.966586063931335485e-06 5.901164905848598174e-05 3.007555535480794877e-04 4.215767093931210179e-04 6.896172710024945415e-05 3.290421185232570572e-04 4.673582653063077050e-04 3.881123751065449737e-04 2.064372975280117923e-04 1.523342726632060720e-05 1.282259428166601515e-04 1.956074533004442315e-04 1.820630336815176934e-04 7.664014635187334017e-05 1.076471124615706630e-04
5.924553656718136049e-09 7.297820150406258630e-03 1.556633451142738864e-04 3.626912261946304639e-06 1.544640553823887897e-05 1.061275645438020182e-05 1.269399650617048715e-05 4.021643784224560472e-06 1.661268607612134603e-05 1.873193839989969746e-05 4.365793621846601204e-06 1.822432540931746657e-05 2.647758746427344916e-05 1.992019187487094071e-05 1.076319876253701305e-05
6.907815815132536952e-02 3.869204645398651993e-07 2.006024904607190553e-06 3.224947382764304336e-04 1.700604752513732571e-04 2.272417159334527416e-05 2.305446015724213398e-05 1.446817513864025362e-05 4.048345022647496448e-06 1.204768944676285218e-05 8.301806972078361728e-06 1.772611974671839484e-07 7.968852654894835718e-06 5.994708973891841636e-06 1.204846504317207756e-05
1.136785489014943168e-07 4.978988167816441564e-06 1.968216354584272597e-03 1.593140772995567346e-03 6.809478762213918819e-04 1.191313715457085961e-04 9.104719735989127169e-05 1.001612035053977737e-04 3.104144269137380302e-05 4.800393156848690903e-05 9.921805775778603262e-05 1.130684269902747983e-04 8.567683103155972679e-05 2.396988566382717259e-05 7.848212706847055794e-05
2.259939502106839435e-07 1.058177167148853992e-03 6.306309372735558104e-06 2.171905937117160065e-05 4.852806252407947416e-05 4.598414723487878137e-05 1.190235871203900365e-06 3.651683175172098556e-05 3.727223113352858127e-05 2.205060320742531106e-05 7.357895974588783934e-06 3.032906225099905412e-05 3.476785087186791211e-05 1.802858495739751004e-05 3.241216657581280251e-05
2.871667545049596717e-07 1.089215287410133688e-02 5.537739453948356435e-05 9.912408086181151781e-04 3.275594194286637287e-04 1.389044084464357686e-04 2.609692225404307460e-04 1.832136769697383192e-04 4.071657439635034957e-05 1.045354684652733562e-04 2.002823556742969039e-04 2.203257565350965068e-04 1.542860057584365130e-04 1.027013391707040055e-05 2.188360150996468780e-04
2.306454678636079907e-07 2.840577599379021530e-06 1.077458241600984156e-05 7.976466265849895826e-07 1.883594818127054117e-05 3.163179895136634452e-05 7.465649360428203922e-05 7.684852909240308904e-05 4.361914693339646350e-05 2.233240055397400535e-06 3.729972707607692674e-05 4.413616308228493924e-05 2.329170704715737868e-05 3.841883784333265339e-05 1.358940715165868254e-04
3.320340973684579308e-07 2.916224139951355778e-06 8.992867015931071536e-06 1.234028748839372642e-04 1.259492984648968503e-04 3.919862528494278076e-05 2.961877027692607492e-05 4.613004777400644458e-05 2.715668283071713551e-05 1.290207364960740491e-05 3.870598689461359339e-05 4.694547904771486578e-05 1.981319619297359157e-05 3.938082753351745897e-05 1.315761230476116797e-04
3.301185845890354392e-07 4.285204504538721739e-06 8.160664169338357053e-06 3.720352245358095940e-04 4.149122544161332085e-04 2.773196274037751925e-04 1.298944200048415343e-04 3.524296292432254604e-05 1.216516766351322840e-05 1.874683595534098741e-05 1.278491453063734757e-05 1.515679087382666616e-06 5.529399266779580788e-06 8.668006478118535328e-06 8.324416133988225133e-06
7.036798303394375785e-07 1.980291656458593854e-05 9.627782492143766371e-05 1.256127468777870095e-04 1.047209223186986289e-04 3.712613046423685385e-06 5.510488121003716369e-05 5.387930299634528916e-05 2.510438801983371038e-05 1.514646636611794671e-05 4.674670063602127598e-05 5.586960948046273159e-05 4.362059160683648976e-05 1.005004901584258174e-05 4.483884723122561226e-05
8.631669324588608916e-02 1.281452029846413126e-02 2.099075608986760580e-05 7.447951687776040077e-04 1.879255133670246181e-04 1.817717621450275136e-04 2.935720218415434671e-04 2.526457282462652842e-04 1.409593611791136523e-04 1.285113481951504333e-05 8.293918447741417948e-05 1.306762471390606069e-04 1.080747858298780395e-04 1.416449193251768413e-05 1.672931558643396630e-04
8.384806825554572212e-07 8.124951274529853759e-03 6.875704778826376498e-03 3.249274373995685895e-03 1.104232583846842964e-03 1.247394558550233385e-04 2.143307213654775949e-04 2.381644743039689491e-04 1.273969209252097054e-04 1.031249713736924711e-05 1.259624022398217165e-04 1.763601428115300158e-04 1.395980162994695873e-04 9.043900097627485991e-06 2.197315800885214895e-04
9.565102277479105673e-08 1.184869652490174476e-05 6.033708207078388656e-05 8.339285589437405507e-05 1.288390972570282816e-05 5.831347685059377650e-05 7.521456467778063774e-05 4.427331663062283147e-05 1.114308056107807376e-05 2.165780288319866560e-05 3.374164129934625585e-05 3.151807162319887308e-05 1.598744512203491514e-05 4.295967492567758834e-06 2.504612345334713110e-05
1.115820406271344582e-07 1.261058801490150955e-02 3.841752350116548961e-03 8.937726118830272449e-04 1.368671790965945046e-04 1.687686264178901240e-07 1.638748347301072798e-06 6.980457267718250916e-07 6.112154183432084246e-07 1.475371004413871466e-06 1.953803380757188392e-06 3.055633915122834719e-07 2.722615659810664250e-07 2.267979732892665885e-06 9.084274622752548381e-07
4.703148246950984736e-08 4.128692177098753199e-07 1.609959366577408293e-04 3.548139919922832792e-07 3.541336275852507598e-06 5.320135345644995996e-06 4.979785334941208936e-07 1.664086126120031077e-05 2.042668810541010537e-05 1.001406821534075625e-05 3.183457013990968320e-06 1.088249145017355419e-05 1.282880320276064603e-05 8.366488971436793903e-06 5.005407619715837722e-05
2.467821806521997095e-07 1.208840009705552978e-06 4.107728002537566292e-06 4.911546002351806445e-05 9.901415337054876535e-07 1.550745635560226620e-05 5.680751111344480779e-06 2.267011072427186491e-05 2.639174626480468743e-05 1.319878155395579796e-05 6.182347409363473279e-06 2.154390698022351337e-05 3.328882785601744540e-05 2.417961243801984019e-05 8.799803630581217752e-06
6.750380483092678109e-04 4.145139192853124067e-07 5.270678724094135537e-06 1.720927731024174298e-05 1.288368626918947285e-05 1.324912143574747085e-05 6.816138467740984997e-06 1.188244610608328801e-05 1.213601818370883056e-06 1.396927139497224011e-05 3.347413114680919042e-05 4.090540619719542243e-05 2.248389430223654483e-05 1.635230752406204081e-05 9.384874749024014226e-05
1.392921898418833342e-02 3.799656788316064382e-07 5.033897157801384596e-06 1.738186439574788953e-05 1.499422858337396714e-05 1.153266163042468842e-05 5.556848360772024771e-06 1.768299938014580212e-05 1.493232330789244334e-05 2.449957968384087768e-06 1.046124351250530277e-05 1.062998813463631934e-05 1.165108638538951084e-05 6.458670647178305969e-05 1.475392710307799841e-04
6.806900727193296402e-08 1.313590946457112966e-06 1.757140639299486205e-04 2.423579035466594118e-05 4.257968245752210109e-05 1.015373933834377600e-05 3.953311464861815696e-05 7.199529242422091004e-05 7.359405788068254712e-05 5.522719588645882597e-05 2.278633849524077022e-05 3.114791051426197818e-06 1.608048575290055824e-05 9.111096533567273974e-06 1.851904644038162388e-05
2.272096892025228359e-08 2.612268240379893800e-06 1.021337438592606457e-05 3.788180143088110303e-05 3.037355845734604980e-05 5.389608377978094600e-06 2.676810931247057285e-05 1.586295152470786407e-05 1.897105560172360555e-05 4.787143317707111349e-05 5.420250315394911541e-05 3.305434402042270296e-05 2.673273394326941140e-05 1.277189338071632943e-04 2.768705334066049882e-04
3.788242231756467006e-07 1.139805847908318374e-05 5.366731556364920597e-05 5.507929497614835789e-05 4.125637848496380123e-05 2.003130711250060360e-05 6.054990792343391666e-05 5.337104534470731953e-05 1.880115486850694314e-05 2.394026876170366564e-05 6.590806977622300060e-05 8.853784422352878108e-05 8.125024754824818594e-05 4.387638677578564565e-05 2.022265592678075934e-05
5.674459820203101679e-08 1.119529141762007119e-06 2.419750377923046995e-04 2.105782419265025352e-05 3.721702508413932798e-05 6.994397682263904297e-06 2.773038685288987484e-05 3.628938402587133534e-05 1.839619404880511557e-05 8.826344407028608889e-06 2.651383326715735651e-05 2.932618323181807835e-05 1.438953218418433714e-05 1.899554528208922667e-05 7.206793480380894535e-05
2.417179446742851069e-07 4.863610473385834825e-07 1.683567509618209376e-06 2.177600623881217434e-04 2.018492865262447723e-04 1.033698025006778138e-04 1.842296210930730369e-05 1.840376761735763387e-05 2.361164433626230505e-05 1.324762917148501451e-05 6.859139394318495050e-06 1.748925263066480895e-05 1.467490779050768908e-05 5.699653241067924351e-06 1.248118085281364929e-05
3.960137733491455900e-07 3.214694928260084178e-04 1.913111638743907809e-04 1.152346804073717699e-05 2.876904610130791301e-05 8.787742185109939350e-07 2.649312376535971477e-05 3.448645533730134653e-05 2.280985011110392576e-05 7.564369162024572104e-06 4.767938719317111423e-06 9.562070736534027210e-06 6.197304759919339860e-06 3.589847548882513067e-07 1.025751662668262174e-05
3.260305655813295113e-07 1.019845345206149796e-05 5.121485294178650328e-05 6.848068176257533053e-05 3.461023367772327161e-05 2.172464922825413845e-05 4.539085890965171915e-05 3.559651284409745965e-05 6.841327789304000916e-06 1.707647214663097292e-05 3.241825952953176322e-05 3.403027557067657286e-05 2.075382254847330961e-05 2.941090553413259356e-06 2.675563062082587048e-05
7.338692706747407257e-02 3.868268981143837005e-07 5.454337102867647417e-04 2.533204182402456732e-05 5.415900606026956287e-05 5.983227157479226565e-06 2.713366586237773347e-05 2.992429374125981804e-05 6.359700004741367155e-06 1.376936841973121870e-05 2.100285406308749091e-05 2.161250547432843228e-05 4.831662756134627251e-06 2.274683456429169620e-05 5.600625702022306930e-05
9.613123545500731678e-09 5.979102025553458682e-04 2.001010690017251107e-06 7.739663785664043351e-06 4.152968408374376333e-06 7.156300428889324305e-06 3.229125613471199961e-06 1.424519067942394779e-05 2.329076777821498676e-05 1.959327322257167666e-05 9.319615884903235397e-06 5.284579211058451474e-06 1.401363030181065424e-05 9.825028853784309636e-06 1.509030886770642150e-05
1.688489882771663806e-08 3.068647823646062506e-07 7.126812029178827216e-05 3.559800331919443917e-06 7.037289623920644023e-06 1.202193251611793393e-05 1.624374149094720090e-06 1.421545174835071439e-05 1.683712679938418919e-05 7.315585217191366710e-06 3.302843397212670215e-06 1.442575576241959413e-05 1.066683604112552421e-05 1.393749480801172185e-05 6.428094400264108615e-05
1.608914952494255308e-07 3.376598704343251689e-07 6.055393080435406239e-06 5.004382698157604478e-06 2.850806437589561442e-05 1.821175114888183254e-05 4.494007618898751066e-06 1.915038810469627686e-05 2.592621222903673524e-05 1.275986247071160511e-05 7.762043226700962397e-06 1.553481405038008723e-05 1.268040347087503401e-05 1.761189513613547702e-05 7.830540859756904488e-05
