1.220177228129538424e-08 1.923574647353704656e-03 3.990635516141633203e-04 3.594719034629727367e-06 1.310430959580304676e-05 9.874010316651820202e-06 8.512682405271444685e-06 5.684308019346152207e-06 1.597125327053901532e-05 1.034393418085006456e-05 3.192304947587333668e-06 1.608490200461463337e-05 1.910731235556802456e-05 1.194434581517969380e-05
1.313019431761757588e-02 1.792433750155672441e-07 2.245342789833529991e-06 1.094479134293977157e-06 2.998109579179359158e-05 1.469100366233169257e-05 7.478754455781220112e-06 1.646421179899370144e-05 4.498866318333212843e-06 1.814360403381885209e-05 3.546511690731559509e-05 3.556604666114473361e-05 3.336619262016089972e-06 9.385214124593471621e-05
1.267404793631288391e-02 2.680456285326504128e-07 2.805422413626002402e-06 9.092760917045821940e-06 9.518206115567433339e-06 2.831918469723969140e-06 6.280521001476590391e-06 5.787490252877679306e-06 6.851397401124437136e-06 2.310628514811556756e-05 3.101427476238980649e-05 2.324798356463537646e-05 5.774808386745250816e-07 6.027504929040379121e-05
1.097251568586867822e-02 3.380909491736683630e-07 3.057223700998857810e-06 7.764097839732472816e-06 4.821176826415294434e-06 4.914998740779039535e-06 1.699054669212732067e-06 6.882931652650245842e-06 7.022139217939053261e-06 5.321008572405878423e-06 4.591112771365244129e-07 3.971815545470794238e-06 6.132529326084482239e-06 1.982668005768020835e-06
1.631154009937111912e-08 2.624947831924976102e-07 1.491477751748522016e-07 1.347553512649821280e-04 1.374998665851983140e-04 8.470196876512053354e-05 3.300692049651303314e-05 3.055222061257765118e-06 7.929606330356307956e-06 6.227317379933155143e-06 2.921827376038680940e-06 6.303980805236712517e-06 4.103646681201107023e-06 4.180759919629372413e-06
1.704788927312710515e-07 5.588670102592499257e-06 2.081892967506524612e-05 2.504588824385034062e-05 1.656828990336181917e-05 4.582725828156220260e-06 1.121492818871411755e-05 4.845949319437386979e-06 6.226139564623928213e-06 1.776050255364910240e-05 1.534205357226994153e-05 9.570682777170305507e-06 7.899441754623837830e-06 3.576437687766447789e-05
1.888636574922003195e-03 1.969171950906573358e-07 1.185239302805526162e-06 1.279262668666999772e-06 3.190297442042759611e-07 8.843366190955653348e-07 1.989930354446069565e-06 6.774730817409491297e-06 3.060737706231380986e-06 4.524079666437483678e-07 3.686787647932597868e-06 2.064505836784668332e-06 6.482639688765992606e-06 2.294375237965779962e-05
1.538446353546343956e-04 1.647583166521849359e-07 1.344063247199759121e-06 2.933026476861020877e-06 2.151027762596561433e-06 2.484545474200773586e-06 2.940014198863162845e-06 7.741772478738513251e-06 7.975453577428116467e-06 2.940522265720576679e-07 4.409141361949219916e-07 2.719611709203491821e-06 1.437426184652731532e-06 1.392302115313367991e-05
2.987703842369866455e-02 2.450997840515197704e-03 1.119544026771563540e-08 8.568256998863251611e-05 2.486947514355855704e-05 3.820952194839502974e-07 2.911796968123708977e-06 1.810729162933804901e-06 7.117165522886550733e-07 1.193651801187554978e-06 1.495848383535505030e-06 1.123418378233974511e-06 2.657382903365079338e-06 1.819420642366890861e-06
4.793063663494704629e-07 8.114381135993096929e-04 2.104778155931925351e-05 5.687046839610965487e-05 4.028829145210976537e-05 1.105831110402610466e-04 1.243980543300711060e-04 1.024401845128213782e-04 6.332567884232690911e-05 1.639271425474407611e-05 1.177520099092127531e-05 1.911269968176232964e-05 1.041056719348475082e-05 2.114654354449697909e-05
1.904125006611196227e-02 1.304026018439392387e-03 1.002793426327158411e-07 2.320205237643669651e-05 1.971785227715413557e-06 4.442133712544633396e-06 4.523361453165373022e-07 1.119095218609809538e-06 9.867568775437498128e-07 1.872182744327983361e-06 7.832105510416226931e-07 3.342706659828667159e-07 3.034716540281228704e-06 2.202515229863097095e-06
9.187486536553303440e-03 2.271971427720078560e-07 1.237508255716572602e-04 1.395671237794699219e-06 1.651466689556466553e-05 4.853317861071077997e-06 5.090018465113653965e-06 3.519205864107040192e-06 2.769512529291287792e-06 3.862655048745447627e-07 6.658745665686984626e-06 4.282240201466424500e-06 5.099159040124895742e-06 6.171390094260572499e-06
2.700485467409776783e-07 4.958398217492471878e-04 1.532493567064286118e-05 3.535771126141702605e-05 3.913061858125740544e-06 2.718069104768586534e-05 2.969002971846749944e-05 1.510132309283242085e-05 7.732632308876870290e-07 9.489142566484913609e-06 1.071646615199345058e-05 4.563759433403674673e-06 1.027287006103179599e-05 3.434651460695985474e-05
1.917854386518364748e-07 4.550829479595051006e-04 1.550158124959245255e-06 4.375595260024478999e-05 6.499113146727931854e-06 2.008570562816511246e-05 1.979063536531475845e-05 1.393996858572239143e-05 1.599253689036247628e-06 5.669195448081793181e-06 1.029392271081141122e-05 2.908208961397357300e-06 8.284661604205764327e-06 3.158768377124509711e-05
7.694578859895309545e-08 5.036079032094627249e-04 1.167517812060124376e-06 7.603728722349009954e-05 4.569881626615247757e-05 1.227312645716336556e-05 8.563246949445329660e-06 9.275366925939603844e-06 6.737830012859974043e-06 1.735474422982323871e-07 4.464364122604419059e-06 7.815000879043215666e-06 6.156568780606218827e-07 6.239190607683483416e-06
2.229415275025962290e-03 5.286724888174112067e-07 1.383177848009293279e-06 2.954406103897425738e-06 1.530026920881646096e-06 2.378240006957744403e-06 2.612836306674760405e-06 7.320104397623984797e-07 2.314892532063285720e-06 1.895412836180080125e-06 1.359590366304413336e-06 2.024392590837952393e-06 4.140970817689237857e-07 2.572295663574057908e-06
2.577489024497220609e-07 2.253226937790683730e-06 8.047366504474439948e-06 9.037070404827174313e-06 8.376436780069222897e-06 4.603975170349840085e-07 6.244832038609212648e-06 1.054345341395737956e-05 1.596068210394557677e-07 5.683110287524661738e-07 5.311300752913847384e-06 4.900422029588918177e-06 2.736589023678400412e-06 1.311768449178534307e-05
1.049581726820133544e-02 1.603170867092453293e-03 3.258508668684215875e-04 5.801716588170133666e-05 2.084216128654286902e-08 3.064109506706920980e-06 6.549198088943684132e-08 4.330729768527441415e-08 5.805827978504327883e-07 5.215368362714789374e-07 5.074324604094831642e-07 6.884979952706239401e-07 9.166855284746727790e-07 2.216192567527595530e-07
1.743326942213106918e-03 3.640355622212190298e-07 2.368289965318063167e-06 3.792842711202298528e-06 5.571171380086637667e-08 7.740878798530474112e-07 3.022474468100451748e-06 1.293139198677937907e-06 1.261997689414046995e-06 2.392131107416808620e-06 3.769818729755136608e-06 2.632077625448165353e-06 2.792491687571350793e-06 1.873428612071086349e-06
8.587536921999449008e-04 1.499598957897393910e-07 2.169764897652043472e-07 7.280863217843928478e-07 1.964309060557489527e-07 2.760318479293268507e-07 8.354049645648346932e-07 3.909172533407724690e-07 1.439781265003929255e-06 1.274514135777054222e-06 1.647978455481958595e-06 1.994706470263005959e-06 9.859097009720600815e-07 4.323812441504585710e-06
1.601174189900828916e-03 1.295279348794917716e-07 3.490241462423175021e-05 1.630967807307979756e-05 4.708784182022905603e-06 2.431957848416583776e-07 6.138270802418421277e-07 3.041296256055627671e-08 1.438423097167098315e-06 1.000629823041447308e-06 2.231405451842610492e-06 3.578968492959030192e-07 1.759068550008187549e-07 3.887783390880640314e-07
1.677433015146867345e-07 4.472308790443121324e-06 8.198788031327204230e-06 1.825274068807690886e-06 4.795991559663546861e-06 8.524194045695670438e-07 3.013625948542096784e-06 2.002760765494132278e-07 2.720737059534919856e-06 1.320105978298489066e-06 1.599953979828459590e-06 3.478028330303603343e-06 1.304391033188524054e-06 1.343452369858231405e-06
8.163367884200584465e-08 1.944262174788382764e-07 1.113189155293157440e-05 6.946999264596675650e-07 3.799861943436549393e-07 6.301994760263393810e-06 3.322802479278765711e-06 1.058840497734143758e-06 1.517151666659349145e-06 2.582252949946406570e-06 2.421948101927431566e-06 6.888713254975121494e-07 1.506651650328608508e-07 5.383615333548237033e-07
1.585401627235311703e-07 1.675690927471637599e-06 5.220843747685701582e-06 4.978700283771032646e-06 1.248136908033519054e-05 8.529608928048120603e-06 3.344631388279050411e-06 8.628621769859432180e-07 2.520002307300904237e-06 2.179750817707545275e-07 1.889284569447498615e-06 2.773074212351817168e-07 3.282718723795078861e-08 6.801519647196122885e-07
4.936832794186152491e-05 5.082338264619507334e-09 8.378908559131133160e-06 5.143207411399230173e-07 1.085758096433923840e-06 2.398504217081888010e-07 1.403698484808064571e-06 2.959753822932398262e-08 2.522791896730705409e-07 4.283973625600836382e-06 1.759855272439260737e-06 1.226746786333199188e-06 4.843466132124714428e-06 4.079832214174205517e-06
1.651121095075365301e-04 7.836546456908395633e-07 8.818179772450898945e-07 2.585670519197549228e-06 1.869291139149032252e-06 3.657275590883379006e-06 5.327527439630689226e-06 4.510245795717242754e-06 3.377958792962304086e-06 2.951234058176614304e-06 2.319294609427424897e-06 6.036807195062480862e-06 7.314372300736766736e-06 6.007824679514751821e-06
5.662408340954348196e-09 1.020968742907545781e-06 9.143344279233261848e-07 1.965364467930159300e-06 3.465040474485584754e-07 1.068688911614698099e-06 2.153304467525052003e-06 3.738938944647040556e-06 2.232642836460592777e-06 3.091185306374508842e-06 4.386629849662060249e-06 8.023962376062698711e-06 5.726331096254944063e-06 4.366054923081022481e-07
1.692017674943238856e-07 1.654567331989042150e-05 1.991987871576958866e-07 3.736850682433026397e-08 5.368455512769145001e-07 4.761633265913854782e-07 8.389184836718801394e-09 9.232563199673265130e-07 5.498157165342449154e-07 3.035120918325351950e-06 2.980268992166577434e-07 2.228281382174105004e-06 1.331522723994983377e-06 7.907714603769476323e-06
2.867751608851124337e-04 2.061791557935024925e-07 5.622723716875449446e-07 5.569741253746650910e-06 8.122487712475925844e-06 2.128975718317256271e-06 1.437108172249275412e-06 3.693446722555205476e-06 5.516521630647252965e-06 3.677220660899289884e-08 2.025640389787964688e-06 2.675320964393963765e-06 1.504511299191567477e-06 2.758187499707361645e-06
3.317779656890629968e-09 3.335591363702186072e-05 7.036225056818756354e-07 5.127899704889975239e-06 2.619688144454349179e-06 4.043692676351102819e-07 7.876021338852882308e-06 1.036510404706060441e-05 9.424430297469530722e-06 1.097654401802183786e-06 6.072261322073491501e-06 5.085836967489457593e-06 7.841627785011627975e-06 4.732708921570135424e-06
5.172246023605665994e-08 3.064484965975704915e-06 2.479916810501019945e-06 4.155683091226284477e-06 4.697426130803046355e-06 3.903588925257168250e-06 3.090036236464773548e-06 3.570256777930309154e-06 7.124463060326710111e-07 3.424578333673802711e-06 1.134705427478660826e-05 8.485379770995661174e-06 5.349851080395764933e-06 5.183360946285293188e-06
3.802409745727067771e-07 8.734511161507793663e-05 3.588741627244060221e-07 2.708456782942206628e-05 1.873848008409631993e-05 6.196971637333872064e-06 1.661214758611538556e-06 6.201756489071483324e-06 5.859400804202223316e-06 2.633411907507989432e-07 1.118676706849400715e-05 1.100558932819817730e-05 1.110165970920253511e-05 3.747762700323936042e-06
1.525619667179347119e-03 9.955397727934271963e-08 4.582288633251063004e-05 1.501920049041569794e-06 8.567322635903243071e-06 6.260865384404347546e-06 7.699088280979846394e-07 7.796512622694943165e-06 6.391735503497580477e-07 3.423110374002781271e-06 6.814220449971421299e-06 1.229700599346612921e-05 5.543791883922903026e-06 4.619972198105611425e-06
2.842259726109053057e-07 7.298645772159557954e-05 8.590840320193375630e-06 1.449638911434831004e-05 5.106262615396507288e-06 8.890640413743007995e-06 2.243577608708217041e-05 2.299692236110581909e-05 1.849830669518200179e-05 1.168311993349275188e-06 1.127248278266797238e-05 9.851601187494934066e-06 5.669689490821718413e-06 1.115201056531210476e-05
2.399907422627974894e-07 3.336792275150245755e-07 2.574006577488783197e-06 5.423008887151258219e-06 1.517500404452101783e-06 1.134911212668285980e-05 1.470746099271310365e-05 1.782611727434105789e-05 9.413440967080992025e-06 5.637606334938257474e-07 1.296690354752188638e-05 1.302642019013079130e-05 1.158771316687610369e-05 4.227415976553276733e-06
