6.821387313127103711e-06 1.771778884586302756e-04 7.324521581745641313e-04 6.512878134220073363e-04 3.691638818158749749e-04 4.155918447021255064e-04 8.832445963171991132e-04 8.383829637917367779e-04 4.069969886021758344e-04 1.903168630224362013e-04 7.353198637801406333e-04 1.047111646734789946e-03 1.010162620607513943e-03 5.242731202023983954e-04 4.485709620698856404e-04
7.104747789363322457e-07 2.000783318908799159e-05 3.994246895138252491e-03 2.973221782056905847e-04 4.649678909614676304e-04 5.175990372410770458e-05 3.211015057050414963e-04 3.612269671821502059e-04 1.419218656739406649e-04 1.606436171208749095e-04 3.895042130864198636e-04 4.240035226299320066e-04 1.936597155712335304e-04 3.527560792325610184e-04 1.228667508369036447e-03
3.852738131578929858e-08 5.849382345328628385e-02 2.132403266146022311e-02 4.586843613807995053e-03 1.481509629081462806e-04 3.226749120128408524e-04 2.635559509233874638e-05 2.751930800992689256e-04 2.873804719492454207e-04 1.413205356601241760e-04 5.102187439252084357e-05 1.929930716724481145e-04 2.246705357266603554e-04 1.031975550774427854e-04 1.883115933944693105e-04
1.865969625546253507e-01 5.986903781820372694e-02 1.501399858097388941e-02 3.527148843959596893e-04 9.249532139215400472e-04 2.761250429947356504e-05 5.875444970870871610e-04 5.171412515200124330e-04 9.763403573228951699e-05 3.574407671529990509e-04 6.348000750417114859e-04 5.871338882765831388e-04 1.476706019788164861e-04 7.103036965034427224e-04 1.989535991807723364e-03
2.757113199580093962e-07 8.166538885295880462e-08 2.078880762611693810e-03 3.189783630367673496e-04 2.897883357403878001e-05 7.092296456120806918e-06 1.393304911449714261e-05 4.276187334454593088e-06 1.560828870462744878e-05 2.138209337041629054e-05 6.736897204859026354e-06 8.978373743547181192e-06 1.305538755357025099e-05 1.084181856490393589e-05 8.012732959699169475e-05
1.028367217716825540e-07 1.865496721940334461e-03 2.035606960387373372e-05 8.521337446472084052e-05 6.575948582716590989e-05 7.636600050781543582e-05 1.445749460342145572e-05 1.027005912625905942e-04 1.344210080360462947e-04 1.102776807034886402e-04 4.686041892794551750e-05 2.106970876297353421e-05 6.143444299554739866e-05 4.762452729035287054e-05 4.253163449029777516e-05
1.453584609997105037e-02 1.620513679836810403e-03 5.691773589939441713e-03 1.358535155144510211e-03 5.376359457005006580e-03 5.706691653069039666e-03 4.071346033679981539e-03 1.838132979540351526e-03 1.957747039807486000e-04 1.622793803067021715e-03 2.273108000228973771e-03 2.100528767379419501e-03 1.134789647411795594e-03 5.628355536784967420e-04 2.916894506625114861e-03
1.131412607653384805e-01 2.514134313349098739e-04 1.044402268551201246e-02 1.701097020831395792e-03 3.511068472611538014e-03 4.567433617486014660e-03 3.419204784934930762e-03 1.525453020398944218e-03 2.753504592050769564e-04 1.553290256907517534e-03 2.132144478720256458e-03 1.961525128864174961e-03 1.063257934262511932e-03 5.091865492679525321e-04 2.685708748241661965e-03
8.199443358613095478e-02 1.186650339884507939e-03 4.266739408486298034e-03 2.247954537736479401e-03 4.490445696247796423e-03 3.395795001753040051e-03 1.054967102578597930e-03 1.231848508728999045e-03 2.817088916684299359e-03 3.450571691786979197e-03 3.070489407403357608e-03 1.725435910839244512e-03 4.885323758500853932e-04 3.466754706394055072e-03 7.101191683015650735e-03
1.542201080383447506e-06 4.463853746647804992e-05 2.187408947226509041e-04 2.961143743358744091e-04 2.301895284600918227e-04 3.216133017581835300e-05 1.870130738491468023e-04 1.695705755713554602e-04 3.641167252815935671e-05 1.328307241906301122e-04 2.602144114413753673e-04 2.814326141200435808e-04 1.539761538684871563e-04 1.518279028023476859e-04 6.520226054024222439e-04
8.517414211383187439e-01 8.442972082329046335e-03 9.558641077622938189e-07 1.123943729540185474e-04 1.862918184809961837e-05 2.874703636510448141e-05 1.136143415761654374e-05 1.873688897348139745e-05 3.370150529718233910e-05 2.619774608561636312e-05 5.265395576931845151e-06 1.753744348282255283e-05 2.829221190072159870e-05 1.865668078910176774e-05 1.806705278299034184e-05
3.063799473844535252e-07 5.346124008968163103e-06 1.210330778693441238e-03 8.651286324615861157e-05 1.501251884854983714e-04 2.219773395673250904e-05 1.898518067071381786e-04 2.290813508688529989e-04 1.567008071421250692e-04 2.971646794182549085e-05 8.607157345149174640e-05 1.393991572707465676e-04 8.945416083114164564e-05 8.555827918289350166e-05 4.008217727182449572e-04
4.927902131103718553e-01 2.562267757828799730e-03 8.760625360104782331e-06 4.524326916847037022e-05 4.613500080991363714e-05 3.397688614042286852e-05 2.517842815409099638e-05 6.167263914978230962e-05 6.231755158736065913e-05 3.569187553150847967e-05 2.673495232203547490e-06 3.453520613180967417e-05 4.452031150329830166e-05 2.311107742753846738e-05 3.787091835532302957e-05
4.843506183583397082e-07 8.435685429168077545e-06 1.543097401184625886e-03 1.367327800951026147e-04 2.337367263335883940e-04 9.981746423493605255e-05 8.096474518419697459e-05 1.593038844003893647e-04 1.345675615864550066e-04 4.599626327406719761e-05 5.395725581895667426e-05 1.217027157867494333e-04 1.279778803029743258e-04 5.262589784366898524e-05 1.240594465755069198e-04
2.904145167847003717e-01 4.823778887861754855e-06 2.516444489738192686e-05 5.864172277881994896e-06 6.029308708230967945e-05 1.041171794433962343e-05 4.906169284222281960e-05 6.016355508456968509e-05 2.780830066194856336e-05 2.365841944278606896e-05 7.277063150737987315e-05 9.806250622999738520e-05 8.997752238022280083e-05 4.138718255428247019e-05 6.065343129126321158e-05
2.275714395833187409e-01 9.687171022235170541e-06 6.423216020241359517e-05 9.343381288664194865e-05 1.089668866525209486e-04 8.164245730914928761e-06 6.985373688460414074e-05 8.658675796159275560e-05 5.117080820577128253e-05 4.828156403128384074e-06 5.772997724484236283e-05 8.630301098765898779e-05 7.717540245658444868e-05 2.628700928935266744e-05 7.630529305559686105e-05
1.360613294800680217e-01 2.804793091845616126e-07 7.034736365301134811e-04 4.011035329842047258e-06 2.171049514542300459e-04 1.490153794076580507e-04 3.855022814556312587e-05 3.135994440891184829e-05 5.055255436667002099e-05 3.389877122397328752e-05 3.610556701497667170e-06 2.040149492976366623e-05 3.165584796103833505e-05 1.236164735488080498e-05 3.037304184144156509e-05
7.996348272824904454e-08 7.562667631418551473e-03 2.457172857396327629e-06 1.793347145024289709e-04 1.355187379379907640e-06 2.303971165071249823e-05 7.308721306502786900e-06 2.369486057157454598e-05 1.472823079027586250e-05 7.251950059670730219e-06 3.066131866883254297e-05 4.398967759471058084e-05 4.323962806106855652e-05 1.412749445519008494e-05 2.678037874436604385e-05
1.141126817126865785e-06 3.364022539826998437e-05 1.656123251125574396e-04 2.141810801326547720e-04 2.743116258241421187e-05 1.776161142222250637e-04 2.233215008490763360e-04 1.480112009590013958e-04 2.571723851631781225e-05 7.675925345628955415e-05 1.103026549824866252e-04 4.784288582371590688e-05 1.201701456220967748e-04 4.052286393680599509e-04 8.024214071925564679e-04
2.895149194669354234e-02 8.598340428099079584e-07 7.828200580238126862e-04 1.602343376618625795e-05 1.457410469374756747e-04 6.895637979736072469e-05 1.559733792195989454e-05 4.583459437122236046e-05 3.446914058316007438e-05 2.601353208778529449e-06 2.806601813493820780e-05 4.505550563001583137e-05 3.895991025540997826e-05 1.152841861805839531e-05 3.931369030705103107e-05
4.803385178229928872e-08 1.598808262036500744e-03 1.254348816427185660e-06 3.905303841971769917e-04 3.430734393788044986e-04 1.679978934043693621e-04 3.243610523473541466e-05 2.413906987383249969e-05 2.859635450898240667e-05 8.431200079429704712e-06 1.739409946084182135e-05 2.720507366704178761e-05 2.900800099805339648e-05 1.194313569178064931e-05 2.841131255001417275e-05
5.368402286413683638e-02 6.207672194415398727e-03 4.900028879646640762e-07 1.176026923921414140e-04 5.224508975124839702e-06 1.063612424017485932e-05 9.860041717398031861e-07 6.170063247912131447e-06 3.031520642630277034e-06 6.903188260125401968e-07 3.457124203097976860e-06 5.650129520825947601e-06 2.518575808802723203e-06 3.029476165631551794e-06 1.809880490415071961e-06
1.552220224473564293e-06 2.603395163852241880e-05 7.251194556372541982e-05 2.284758995554183106e-04 1.204726353984263734e-04 1.249706809252297936e-05 6.253165437972078129e-05 4.650028900000691438e-05 5.441034127536750273e-06 3.182573021730856382e-05 4.534523705969588229e-05 2.792366545130951105e-05 3.125124815836143689e-05 1.180709480324951445e-04 2.314113511791659583e-04
5.835018273450565402e-08 1.093395028396860294e-06 4.505249983959870846e-04 2.053234387519692916e-05 3.836263151950238518e-05 1.370078401821274166e-06 1.986201404889215681e-05 1.718887672719358583e-05 1.870221902314447580e-06 1.233304181370118178e-05 2.141556305297776127e-05 1.511565604205188031e-05 6.484389809477210633e-06 1.063517703448446109e-05 2.981655398133922986e-05
2.308134371098969836e-02 9.997246494341237457e-06 7.539859609914087218e-05 1.330237148990610278e-04 4.053379906982247119e-06 1.022244342888554226e-04 1.202974312045377783e-04 7.824466326220490210e-05 1.692539170593344435e-05 3.670582023135406438e-05 7.320285435402901881e-05 7.343416009622016417e-05 5.286424100346252158e-05 1.155532757896281305e-05 5.367517695318879982e-05
3.173879937667567602e-07 1.359952274170383004e-04 2.569103758726588220e-05 6.657412821768022367e-05 5.037372939801511308e-06 4.721830326940049897e-05 3.572876835747441416e-05 9.912688094571826212e-07 2.922724098817933584e-05 4.405243477160316397e-05 3.678541070298209516e-05 8.168983285894886373e-06 2.551277992392220377e-05 7.631023664134026436e-05 1.306185292425913092e-04
2.775907994662883282e-07 1.710284324258301320e-04 2.316568919856173527e-05 6.427450977436506975e-05 1.467156512105913757e-05 5.262360117449852277e-05 4.395827520023326990e-05 1.494824492769516704e-05 9.140644389549976980e-06 1.975901219963478083e-05 2.038961853751013851e-05 3.125376889055055543e-06 2.651245708034531332e-05 5.348358358629107039e-05 7.879954803193213377e-05
1.982003993344517462e-08 4.165186767373047568e-04 1.969428729650385599e-05 5.430066352184590486e-05 1.374133003361585652e-05 3.568244617868099875e-05 1.754974212365027682e-05 1.139319045229534188e-05 3.227493010770744953e-05 3.625650470418595526e-05 2.545395421785206770e-05 4.521908166793437826e-06 2.028741888240729371e-05 4.447454010254763473e-05 7.089170031346616273e-05
1.835207358119867581e-08 6.847817857640646784e-07 1.840317365964136455e-05 1.199290496067050384e-05 1.458521703870207247e-05 1.348726867145417566e-05 4.402503450441257800e-06 1.513812632864421235e-05 1.264510604577017241e-05 2.227726591422757399e-07 1.240780096679916408e-05 2.451528251571695149e-05 2.284563755479106093e-05 1.051529623098973176e-05 9.075075831106339734e-06
3.286208863287953114e-02 4.153069385767008878e-07 2.783870926386273206e-06 7.586836548556099105e-05 1.710445304632590569e-05 1.410344633303374641e-05 1.089569506426122117e-05 6.416516190461758969e-08 6.938950255805451721e-06 5.032453630886108510e-06 4.604081731574690259e-06 2.515261510985650852e-07 6.299635999691012483e-06 1.561509721222123934e-05 1.727525126190627668e-05
7.979148174866003703e-08 2.137029589208156149e-03 6.081301523872006793e-08 2.217763046191006948e-04 1.085211624440369409e-04 3.165157207330068328e-05 2.261271678167324395e-06 2.917875124770309570e-06 1.118424240342361830e-06 3.165314729145881058e-06 2.569630475548861829e-07 1.300150557336259971e-06 4.747092487299260024e-07 7.261223753470708824e-07 4.283668744791965614e-07
1.532488561662548908e-07 8.390480665373514823e-04 6.786713786239322804e-06 2.344888707699310229e-05 1.518473437446775534e-05 1.149405632267359315e-05 7.038850143030595410e-06 1.760693515729264426e-05 1.614785985292772688e-05 1.216429368444868871e-05 1.704265844856084883e-06 6.160651792458151420e-06 1.032866471444929889e-05 5.435452662890663937e-06 7.872069246223005159e-06
1.126836810594210017e-07 2.946999641149616280e-06 1.116980344638067035e-05 3.982169752659398351e-05 3.226168067897158343e-05 5.477843403296783713e-06 2.463383252772555009e-05 1.893870931509108278e-05 3.124993615298842929e-06 2.729158231181432777e-05 4.731831675378343673e-05 5.670882073223386339e-05 5.247219574666600264e-05 2.567160756584872469e-05 5.240279911436721835e-06
1.601696953581285374e-07 4.201960326454934658e-06 1.503306747961162342e-05 5.544711874725892622e-05 3.609757948177432299e-05 9.054990980014754906e-06 3.634670836224524495e-05 3.635707872787906521e-05 1.565752627701710916e-05 1.771788071048385860e-06 1.870047182254111387e-05 2.232134776266065044e-05 1.775017220232557116e-05 2.461446901278599343e-06 2.221819422134723294e-05
3.296277511975721775e-02 8.135161743966162838e-05 3.751421302367390981e-07 2.713158491719297000e-06 5.055536310158636486e-06 7.079189068051181613e-07 4.177012570085049365e-06 2.344249394341502684e-06 2.823171751122827447e-06 6.329295617186266985e-06 1.151360692450816164e-06 7.675295062154480705e-07 4.658324706956470011e-06 6.672167752933726936e-06 1.749005250529921484e-06
8.221365978607252008e-08 2.270913631928559591e-06 8.806830173960457627e-06 5.233688034657007175e-05 2.695870940095699235e-05 8.455827077898582809e-06 1.858139778918470994e-05 6.924811920027109505e-06 1.124625891792778330e-05 2.076925916495941815e-05 2.362463876913727467e-05 7.224899876878786555e-06 1.722700322385575561e-05 4.647739484809137946e-05 7.453259631769164762e-05
1.362293285743210851e-08 1.412051103384878932e-07 1.054156501262612088e-04 2.787539815764206362e-06 5.327647619747579080e-06 1.179979455460017581e-05 1.542276431795099354e-05 8.405437075144485976e-06 1.498560188528973280e-06 6.201369525144302994e-06 2.719356738826292226e-06 2.303359780469588762e-06 7.066461973160372174e-06 9.814320878753848233e-06 1.579379926628295683e-06
9.968105906892600242e-08 2.392770873020938544e-06 1.348139484734489082e-04 9.110298897517716239e-06 2.167661403327725812e-05 1.600470816881084541e-05 1.097042360192961060e-05 7.098467144736614710e-06 3.547062008007325278e-06 1.595376333449674355e-06 9.482430657216056694e-06 2.105210717720669604e-05 2.182886216792943824e-05 8.886607661083594016e-06 2.530024225926445270e-05
1.301807461553511344e-07 1.971413727292959278e-07 5.073967981619871245e-05 3.545786067393814379e-06 4.783253127542520706e-06 1.017395685557417590e-05 2.837489277911723504e-07 1.702461161586602757e-05 1.717352430984544134e-05 1.202975042471835694e-05 5.778202444486830470e-07 9.804684739068214241e-06 2.062316102971317310e-05 1.111339881651474883e-05 1.179469673296569159e-05
2.254717604657604140e-07 1.138968440357300831e-06 7.252247776037493363e-06 1.600967490728749562e-05 6.066014405514812733e-06 1.184277122204365305e-05 1.490852661274005051e-07 1.603488560231952504e-05 1.670609472047657835e-05 1.096102321048326775e-05 7.118257099064466845e-07 8.672297599651593051e-06 1.059022788306711411e-05 1.085330834991434033e-05 6.229730559820351155e-05
6.743637189808968091e-02 3.130682261402713794e-03 8.233593494432857493e-07 1.218492185248089575e-04 1.650505349234611716e-05 2.384356864974366525e-05 1.301027199418443764e-05 6.877497400118331880e-06 2.184612601411489797e-05 1.677675073490094516e-05 8.072859088100413282e-07 1.702351697757349870e-05 2.468752612421325310e-05 1.786435621689928726e-05 1.738448445440675104e-05
3.348435857026880847e-07 1.144170712495412324e-04 1.112552079091880529e-05 1.704528958720938963e-05 1.638243035984202842e-05 1.615632225094252981e-05 4.978474922336195658e-05 6.551764990801595676e-05 4.948023792805024824e-05 2.224994525019071182e-05 9.681898032768723966e-06 3.347681663282886706e-05 4.339662202903144173e-05 1.923656449250908895e-05 4.372796952450031823e-05
9.326106572496912496e-09 9.672575587332009946e-04 1.666452883697277018e-06 5.282880063512518518e-06 6.308293475320579148e-05 6.128128872893634700e-05 2.513477248187681877e-05 1.032186077423589235e-05 1.903972440172364302e-05 1.490888114532971879e-05 7.758552268622989975e-06 2.250749827471012400e-05 3.725444693163067401e-05 2.560232198384559160e-05 7.506685283198676378e-06
2.504721538821523827e-07 3.350139027019072771e-06 1.629028382164440253e-06 1.666040663804384107e-05 1.866636359859857701e-05 7.344316282961071063e-05 1.038896852750925383e-04 1.059887171178538708e-04 7.727342231490880935e-05 2.680402409780736046e-05 1.211147948618789427e-05 3.313881640423587500e-05 1.741532186753671116e-05 3.425581544086396513e-05 1.413857985823788297e-04
1.903461943883998780e-02 8.434555248832956078e-06 5.613697819350810681e-05 6.771211219196865156e-05 4.137422087776283070e-05 2.617204503331140963e-05 6.545536591396906292e-05 5.858763155180051412e-05 1.170072457056247099e-05 5.013768190450859907e-05 9.960338443358280160e-05 1.286914848286017769e-04 1.094893764294552554e-04 3.498780025177085758e-05 8.934334855591309708e-05
3.008694211362970617e-07 9.128401299411050983e-06 4.253190269969487014e-05 4.455306423226457945e-05 1.865536525522619422e-05 4.535471277721940157e-05 8.598608432152879009e-05 7.979655630362182694e-05 5.215685998316956976e-05 7.529793768148039487e-07 4.021747876489438587e-05 5.352878024638676666e-05 2.960618199879976988e-05 4.421613666486900844e-05 1.653300242950262681e-04
