2.741184817376299776e-08 6.954673452175137369e-03 1.965834455454208324e-06 6.310083782410055332e-04 3.384338630124542145e-05 8.682468329147496303e-05 8.197152867393837233e-05 2.704284209048464312e-05 8.756217908742580484e-04
1.823062889898459817e-10 7.468141932713411043e-10 2.311619037826034354e-10 3.920456724591969331e-04 1.358260871179044400e-04 3.876912910502303196e-11 2.900182544787002812e-11 1.621977177211664052e-11 8.794330979705715639e-05
3.212042402453983811e-07 5.387562103877609938e-07 1.955233912943092015e-04 4.892948125937704612e-07 5.915954502255517339e-07 1.207687910523951260e-07 1.219437751574214776e-05 2.452672027515557508e-07 1.512202035005146764e-04
1.302802326691830743e-07 2.130521331588776726e-02 2.376386862715958431e-03 2.119086082665985459e-06 9.249212202664493433e-06 1.551118742347300654e-05 1.030918800306507850e-05 9.991137615639535829e-06 1.476454677647909677e-06
4.138803154225147269e-07 1.100554543145742907e-02 8.136865613761746534e-06 2.589353303932933448e-05 2.051127805772647689e-04 7.401679170342607462e-05 7.001715946114618226e-05 7.476269027099030986e-05 1.413167002065693147e-05
1.376148888020182481e-01 4.290695772300403069e-03 6.764844209442256627e-07 5.160669587357110247e-06 1.097701965382127820e-05 4.978674381788574378e-05 2.575540084407690130e-05 2.938824224906595798e-05 1.012607476755960330e-05
4.966069532351904862e-08 6.165944040568408467e-03 5.891865813135066864e-06 2.365222534901130857e-05 2.611401247943109428e-05 9.832983932135540468e-05 5.294943533785385041e-05 2.148644988642615469e-05 1.318341566699656278e-05
2.337645049246387179e-08 4.116598059235884385e-03 2.678568084622847381e-06 8.987355625790479087e-06 4.455657729020354033e-05 3.103124004790166953e-05 3.949703645414344682e-05 1.480019322105946177e-05 3.506532140375107835e-04
2.473053287343237806e-07 9.161717697259098718e-07 6.033133041366539736e-04 4.682205498827814694e-06 9.255049983866059059e-06 2.248590820534105035e-05 3.055008536959700208e-05 1.247507721279766715e-05 2.997887523570913373e-04
1.521998438160793318e-07 1.404801238609229000e-06 5.273127722004226870e-04 4.704530584284078538e-04 4.242598794772651079e-05 8.217209995675118096e-05 1.244422960748408583e-05 8.617416923375647621e-05 4.518622678666272266e-05
2.149350387051431669e-07 2.459412243990876673e-06 7.620036222397410276e-06 3.402859081588098034e-05 2.950933680361740347e-05 3.860272577375234985e-05 1.508431737592773715e-05 4.171857671429591674e-04 1.296592765497807777e-03
1.684609533890368549e-01 1.905894858364061969e-08 9.847537267848145096e-04 1.781228114753668433e-06 5.771356116746562106e-06 5.167589435110658949e-05 1.905243735428838135e-05 2.387495073310765028e-05 8.832299977138897667e-06
6.168177748016969767e-08 5.651917240614915371e-03 1.907389942219690155e-06 3.874319306262717210e-04 2.525525449796517694e-05 5.634798637706117349e-05 3.965456322521885435e-05 1.015177575455921305e-04 6.719416538747838666e-06
1.716578810912045574e-09 1.658813094055705539e-02 2.648026381741056239e-03 3.497618679363424331e-07 1.195333568320460031e-04 5.216284985571774759e-06 1.257041102067689676e-05 1.123489084652080481e-05 3.532657674219726338e-06
1.310538973341401726e-06 9.216304586036308782e-07 1.555584511108603621e-03 6.270763926007472252e-04 3.209451176114001765e-05 6.203406739139969404e-05 2.289829069212607780e-05 6.524671362337486195e-05 3.440630831454087189e-05
1.084222801864702379e-01 3.362717776239750674e-06 2.697463606171543178e-04 6.853623052378598243e-05 1.217728085113492325e-04 6.567252261460146054e-05 4.982397190395405261e-05 7.282516358680426723e-05 6.606786212859480818e-05
1.366086336821455777e-08 1.236494552112984638e-07 1.479195676378290605e-03 5.299821777607385516e-04 3.116689413935900447e-06 8.397424958324608483e-05 1.959866844155090795e-05 2.771560806779015210e-05 1.106649707589755712e-05
3.277799817962721403e-07 9.920577409591038457e-06 1.191435974286691492e-03 1.170065111424981573e-04 1.754114335674473979e-04 4.376186315714931528e-06 2.004643482431121598e-04 1.869265030212715196e-04 1.189068137596332488e-04
5.629565689521488073e-08 1.288417122304233464e-07 2.581500881004920086e-03 1.183346364674204730e-03 2.919143039876466298e-04 4.993655331229860178e-06 1.453742308900520432e-05 1.546164668695113717e-05 5.277935008534870649e-06
3.351154515623085833e-02 1.594009156116740490e-06 6.208608122809776029e-04 3.904902244503170530e-05 8.459431428289290646e-05 1.823062668112277330e-05 7.246478851404053640e-05 4.356524184153302652e-05 3.546589885655174147e-04
2.519422064771436112e-02 3.312221510904469785e-05 1.880926044195838824e-04 2.585242155303933849e-04 1.673712882245938574e-04 8.443286814812006374e-05 2.293389570685365291e-04 1.591247049299305801e-04 1.400914577383336845e-04
5.944044195613143524e-07 3.538715737635626086e-04 9.098332760692255054e-04 6.713320655050657973e-05 1.388243140762743038e-04 3.937038609588779564e-05 7.815836738786842463e-05 7.593071605000239967e-05 8.182769958604083212e-05
8.579149568857602619e-07 5.327359366008707544e-04 2.202078041093739698e-05 2.589966264035950625e-04 1.189628917999901141e-04 7.519053002217896808e-05 1.093608335779946717e-04 8.677410890431669626e-05 5.292377711185279740e-04
2.377360597384904896e-06 7.706961707956070089e-04 5.626885040497810300e-05 4.334670536445380190e-04 2.446735793198762435e-04 6.639888566943363607e-05 2.414931625134234677e-04 1.809855156607562718e-04 1.171894206802827831e-04
2.711016179253641470e-07 5.708972700253178744e-08 7.612425755253211671e-04 3.244662090151488642e-04 8.530056894261541824e-05 2.523763300000766295e-06 6.484403776763574211e-06 6.681633824768203393e-06 2.002106322951137239e-06
2.483952453427970235e-07 1.553200645001115035e-07 6.014386969937358498e-08 8.724701688197690649e-09 3.390446327028399102e-05 3.445228524038692155e-05 1.525242097336387733e-05 4.945450521770011951e-08 7.600522555634748582e-08
2.780145216598187883e-07 6.543541512405436483e-07 1.950478978057496710e-04 5.222768994520802619e-06 3.781620733800303394e-05 1.506895113114237261e-05 1.373548516412242845e-05 2.465286573434789878e-05 1.415887207075497718e-05
3.542762903259868322e-07 1.650101707762130213e-06 1.948874306071013399e-06 1.397028116586034041e-04 9.882257594802666733e-05 1.631385759636906635e-05 2.453128021430478245e-05 1.018956084084546685e-05 1.681163080700240277e-04
2.668788980461698351e-02 7.112381095620656835e-08 6.002547055190006044e-07 7.020385670589974851e-05 3.911709391094035605e-05 7.625807431557141284e-07 1.928433932791667366e-06 2.308816941913567562e-06 4.766070481289154131e-07
8.353021038243765371e-08 3.549642437749901521e-06 8.714492604733789743e-06 1.125575954089398981e-04 1.057414306139426455e-04 2.955851086366901553e-05 4.239611442568730099e-05 5.764786442994992158e-05 3.408778024174989244e-05
2.272487133725564470e-07 2.534019901821629294e-03 1.168186002117914445e-03 3.368595231614766048e-04 1.521164554018035766e-05 3.627734676342195058e-05 4.837751195017461338e-06 3.956104184928424734e-05 2.280185639978327686e-05
1.356153772736877056e-07 1.377315609321375213e-07 4.637902314320539206e-07 3.311960095793070927e-05 6.838384417834283562e-06 4.261702328959843521e-06 6.380380028397231252e-06 2.588144394276686003e-06 3.858792153358343922e-05
7.110554501803287895e-07 8.053513692206172228e-06 3.628351843295220556e-05 4.328204777690271060e-05 4.205245369419341667e-05 1.562639088451025474e-05 4.220773617728546385e-05 2.716532470557903926e-05 2.307116301169312965e-04
2.924123534389789711e-02 2.329105644612607848e-07 1.193615352798651369e-06 6.469054908712812044e-05 1.026532462750646331e-05 1.680579177338281549e-05 9.644419882816044519e-07 1.485004164975786146e-05 7.392799017126267101e-06
8.830905759539337679e-03 2.675721930838858755e-07 1.126596995872134499e-06 4.580175229952633848e-06 7.675398014291662265e-06 6.671203840665879839e-06 2.452052154831710619e-06 6.607893134538991538e-05 2.252899880052637474e-04
9.293570420315606928e-02 2.947696914240253031e-03 6.521031060837589457e-08 1.288638556435400167e-07 1.139976662746720713e-05 1.074379860213117550e-06 2.383959033346168714e-06 2.067529223669526101e-06 6.471984654659559631e-07
4.046203315598520537e-07 2.554908041193230807e-06 1.357692177178381705e-05 2.494625715889842852e-05 1.822419479456712784e-05 6.259062508342442925e-05 3.478463771933251374e-06 2.301778280411266077e-04 6.349670640223663547e-04
