-33.697811868464946 -64.74324346011677 3108.068940715313 -168368.48962684 2024922.373066769 -7972650.303776421
-29.322130704175905 -444.8429080108552 15642.920253423672 -350998.8028895656 3242243.7729721875 -10931158.754593328
-28.62553851393364 -502.36399509662266 17293.6968838253 -364231.5133655906 3228283.5919051985 -10550411.33075108
-36.01809631368106 143.46381421553113 -5015.464005700358 19668.976937384865 0.0 0.0
-29.20633759744998 -442.04744685607517 14627.29955645319 -298884.5844467274 2534643.3659648644 -7931533.862934987
-30.213380068896264 -355.60268016134216 11643.79450661996 -245263.89643272077 2075963.9172971135 -6445518.364179882
-35.47814404364619 97.80158458055237 -3715.245147749646 11448.668694391465 0.0 0.0
-36.06075344929188 128.355936943305 -4200.4682292606485 14576.438158192052 0.0 0.0
-31.68683835351517 -221.6905387549433 6592.408489514486 -143721.9223334032 1119473.0743413502 -3044335.915227165
-31.389267385260357 -241.93684919434503 7054.325302396753 -146047.97775153705 1106884.464253666 -2943598.4253998734
-33.94631545481767 -27.09628759026272 -90.42718364274553 -27781.049613289775 157955.66110638002 0.0
-36.54143119296512 205.17886422281802 -8362.306283377267 119362.24227375662 -1124393.100007651 4390729.599806581
-34.396763225249884 1.207207523549088 -778.4768527900229 -17940.41021478339 109879.85197432345 0.0
-34.153547733106954 -18.761374291076688 -207.9292943852978 -23794.971384022116 132431.3199823823 0.0
-35.488213754801706 90.04946330352034 -3723.5678243246853 33038.47741582087 -308379.4419600077 1313530.6522281328
-35.2522129112244 66.7414491045605 -2900.0413766944075 20388.614773111167 -208214.74144090567 990852.1510784344
-36.79456610916869 196.93544581468933 -7254.646267061283 92822.96888525184 -787945.1183296811 2775939.9990495048
-35.882448112291705 113.17732327941155 -4312.801620554932 43806.925522502825 -384560.8703696182 1478472.9035074743
-36.189775113059085 135.2549768604964 -4967.469602331576 54418.59544065933 -462554.60294066544 1688958.2383916667
-36.91951346359594 194.35874463515864 -6896.172006412257 86488.18538463817 -718014.2349093772 2477028.8528610496
-36.55377513916615 158.1653618104402 -5574.740236507407 64205.68716073594 -528079.6464072707 1833369.5419056893
-36.77494907808601 172.95349695540747 -5988.6005850762385 70801.85082733126 -573670.6116210894 1944046.015971658
-36.96280128773086 184.30198058779206 -6271.870300053072 75043.7099065351 -599331.2464041676 1991138.048554588
-37.065777995497804 189.00593822909946 -6353.901707625062 76297.86305190757 -603482.5961893084 1978427.4221235446
-35.839608527471654 76.78184557869034 -2411.763910238428 9939.904843169275 -54839.0795730571 212235.2722407656
-37.123248113901234 185.2923742561095 -6072.042168549742 71411.43729983401 -552913.533613523 1773683.0732683702
-36.785179792750995 149.81620309698891 -4718.296319662124 47381.624467899244 -338581.6521302224 1019702.7875042118
-36.0419579635995 82.727084618119 -2432.673736392167 10700.840469363799 -50272.06750805583 147962.07980768572
-35.805456612293575 62.970096724950196 -1848.8428904508924 3253.7295435766723 0.0 0.0
-37.17978586104215 172.88045671846453 -5362.976881145149 59464.657234677776 -437846.6181677185 1338554.177194975
-35.93012098615436 65.34644715202097 -1816.241511188071 3339.5430847584016 0.0 0.0
-37.198792872873085 165.99599920165485 -5001.617079822468 53580.37946770412 -383393.1567485075 1140652.2740692422
-37.120710975219374 155.28605366051067 -4589.986332261466 47072.006006035605 -329651.0159791939 965833.24936088
-36.498265036542236 96.42163648777115 -2511.2687291944926 12357.190025512573 -43624.2185579743 49178.25518359429
-36.77544813299372 115.98068828187884 -3110.442346000659 22266.930476185087 -119730.89949695136 274022.37937344133
-37.0790312516658 139.11261538556772 -3882.190036314576 35961.025362664936 -234403.52322855018 645065.961469645
-37.133696598852616 139.53517789653174 -3844.5532997537603 35553.369872081494 -229623.63918304097 624881.3172550554
-37.216010227689715 142.28314093300833 -3884.7557834588506 36384.13088986788 -234255.67931287983 631708.230166063
-37.225092617399426 139.10467619524306 -3743.4373343123166 34577.48479787164 -221200.84114276146 596559.15406476
-37.16662444626247 129.87142621321777 -3387.9055493441683 28970.104068337358 -174521.4070385608 442951.9409409225
-37.1209290662748 118.80945371163278 -2858.0059492815167 18236.313954506844 -64173.74036976766 0.0
-37.550828285481614 154.67493612556257 -4162.14474359222 42915.638204395356 -291897.63201231405 833730.2233687463
-37.32067229434517 128.51032871726088 -3162.9465558294814 25302.197767727735 -136084.69402067948 294609.9881505693
-37.59913492222861 149.14482685528046 -3863.717124448119 38012.41987608283 -245113.120839608 656766.1869817238
-37.449344243198176 131.37869158660695 -3216.719695699149 27565.121368424923 -160144.8479933118 388363.5741230688
-37.5466719643167 135.0893267480055 -3302.1726827972298 29280.224915736064 -173459.46984454436 428402.704073362
