4.181599876216088307e-01 3.394406227860073010e-07 5.941072156675076925e-04 4.673920088001902993e-04 1.028528603506092610e-05 9.903945583440482061e-05 4.916750576972714375e-05 1.383080362116726116e-05 3.580853425853347050e-05 2.655659112591241444e-05 9.264860777355548783e-07 2.587736606974569333e-05 3.460048995235767759e-05 1.898318642806919422e-05 2.466304601618135830e-05
2.580388024472098918e-01 9.913635752360772435e-07 1.038935630940734303e-05 2.454137480023201953e-05 7.429855974699747861e-06 2.753348691449144562e-05 1.360829736371292018e-05 1.874369067259340740e-05 3.112338876674426767e-05 2.381661939401968315e-05 5.191341384796919032e-07 2.880965372171980754e-05 4.190164585600398352e-05 2.422007838203106168e-05 3.718419617718848229e-05
1.722811237334263091e-05 8.795943576650774517e-03 1.537681960351041689e-02 7.474390165023340506e-03 1.516334493172406600e-03 1.063945428995831215e-03 1.461615335870156216e-03 8.192773658028055638e-04 1.201517230470890618e-04 9.297620667296126054e-04 1.385800887806468281e-03 1.386532303182237778e-03 8.999216477468544506e-04 6.712108873385023370e-05 1.483031552471485333e-03
1.993985953314441339e-01 7.023445390735335973e-05 1.602174351756810097e-02 7.641850608992155694e-03 1.255830157804371881e-03 1.426443537987904121e-03 1.823211245737923428e-03 1.173369644018468824e-03 2.273998705683799809e-04 5.859633556611494034e-04 1.058110512172595044e-03 1.098658519991489724e-03 6.841284287590802078e-04 1.722707013738735055e-04 1.437192670274007201e-03
9.106429844840286947e-01 1.298986142304041705e-02 4.468176705397487618e-07 5.064034438095262317e-06 1.520435162519551874e-05 9.976337031336908055e-06 1.152050180660275717e-05 2.177294240256564333e-06 1.100297789921645665e-05 8.602130094649389970e-06 1.510032289625599551e-06 1.472163909366732224e-05 2.190248615413101514e-05 1.432019199189289383e-05 3.849461665901556788e-06
7.606483710863702477e-07 1.900194147391269506e-05 6.787359004149545912e-05 3.560468211865428097e-04 1.872404701410874950e-04 1.098564425985778370e-04 2.757314610892370836e-04 2.826672964556682915e-04 1.750410302223610111e-04 2.744560220360784091e-05 9.168035280500351730e-05 1.328394112534855506e-04 6.250178148562549637e-05 1.398069846528562086e-04 4.945632359855139546e-04
2.058289750222987071e-06 5.924163073341902976e-05 2.860973635996396768e-04 3.774457535158451133e-04 2.838997059826829043e-04 2.231989166021413013e-05 2.322495749057030049e-04 2.795027258882754810e-04 2.021042486098248263e-04 6.697049103320640946e-05 6.528700189752417087e-05 1.488044060260551376e-04 1.471400843252214515e-04 5.562202158923055628e-05 1.621998361411700518e-04
1.562787577041490617e-07 2.599360878802617305e-06 1.069819299689432840e-03 2.857414219854245230e-05 2.189349307919811170e-04 9.977270531500306383e-05 3.452820878506425510e-05 8.791298760477276382e-05 6.583838105535541683e-05 3.715602816764877630e-06 5.661700607007134260e-05 8.108748220290807392e-05 5.171715208087916677e-05 5.389886690814865147e-05 2.407645907995609397e-04
1.672644731222413101e-07 4.648406003287797342e-07 1.938707225153325255e-03 5.989859684096928349e-04 2.934834002412445476e-05 5.940065948051003738e-05 1.457694941441059841e-05 2.654279543693610033e-05 3.188251284559244026e-05 7.817062693192813671e-06 2.041967778324601724e-05 3.595440530423823204e-05 2.257741852891366851e-05 2.078942177329262580e-05 1.118395051331894248e-04
3.707519618981211604e-03 7.158611253054896102e-03 7.708714462935110754e-07 2.090992252300607286e-04 1.583297930479560890e-05 2.642736137942972035e-05 2.629117887788087645e-06 1.880326438125938383e-05 2.308341644701030499e-05 1.266813348699036153e-05 3.526212015207746555e-06 1.731020777528994258e-05 1.333044656390990219e-05 8.568448012435748564e-06 1.241100206993486268e-05
6.187494350298237856e-07 8.301371904561052895e-03 1.045150448069322781e-05 5.013655645479161684e-05 5.840225522712438189e-05 1.920167627591069670e-05 3.547134918905068049e-05 5.092869035848776046e-05 2.925575106779836494e-05 5.964585419859433696e-06 3.532689833150679811e-05 4.153129866258021457e-05 1.968439028361293968e-05 3.437086431194705705e-05 1.236405011388932702e-04
4.069840189980349771e-02 2.314473305087353737e-06 1.029046468570609905e-05 3.261814359480443601e-04 2.362765525202208724e-04 7.114012619517194721e-05 2.966888189229041010e-05 5.414133903215585369e-05 3.281793240984826602e-05 6.392555847751739231e-06 3.850405711745253468e-05 5.158346944013807921e-05 4.213225765283945529e-05 7.745244330390010874e-06 4.665427278417770351e-05
5.675620048352205543e-02 4.748684995041106346e-03 3.171169266682405236e-06 1.965017954315550629e-05 2.977702396728364582e-05 4.782539242625783917e-06 1.767295128445801181e-05 1.678053600078276161e-05 1.215318190805301280e-06 1.242699333772273812e-05 1.577647660367187881e-05 1.130424091164314362e-05 1.061659762653739052e-05 4.904592556746234283e-05 8.742261364110390416e-05
2.106400528605797194e-07 2.634121867054026352e-05 1.103637165155957843e-04 1.256217641699176879e-04 2.845798735706515196e-05 7.738019215294016020e-05 1.071428689030113620e-04 7.875802190438784315e-05 2.715521327430860728e-05 1.847587074855414397e-05 4.184145286040802896e-05 4.807090859318811937e-05 2.065568857107537621e-05 2.717172994581019117e-05 9.399796938013016412e-05
3.328399905963546563e-08 6.575083266689500721e-07 3.430446551614800576e-04 1.681938069348036807e-06 3.855137026588499350e-05 9.313969869800104744e-06 6.987930462605604213e-06 4.007350029494606096e-06 5.620054390094014435e-06 1.012618337151977547e-05 5.346642609223374088e-06 1.103986570029019904e-06 2.669820529902488274e-06 4.483593718641279456e-07 1.169259000910493822e-05
1.288848763282954873e-08 2.650686909098030020e-07 7.128072303137567255e-07 1.585387244227689292e-04 9.014317805509647200e-05 2.059551323958871909e-05 3.951844565747911237e-06 2.348503660158170891e-06 4.121648443023581531e-06 7.990876359930768419e-06 6.276009484094456689e-06 5.504623966519009804e-06 9.325542110942248327e-06 3.787564641917160833e-06 7.841846841585240488e-06
7.650968564880221423e-02 2.827779941045981474e-03 6.463074937929921724e-07 2.713523719430033657e-06 6.798454952159806599e-06 5.992713690435577935e-06 2.855808610410581792e-06 4.573615430583379537e-06 8.177815474268576243e-06 5.030796932161476308e-06 6.745113387534364688e-06 1.029091526399698743e-05 1.197884269248050638e-05 6.034962737638241508e-06 3.546004350119684229e-05
3.429152660155362081e-07 1.546338119828973506e-05 2.619972709350810438e-04 1.006243105642705258e-04 5.400643712359256247e-05 8.172852257150035513e-05 3.553611369443615596e-05 2.355811189302463136e-05 6.200007393310271180e-05 6.801304008826914447e-05 4.888079779450741074e-05 6.650278061018179468e-06 5.600928850339079260e-05 1.205026091229561143e-04 1.796490988667987139e-04
6.073414657428933745e-08 1.539919481741981497e-06 5.428919096825519628e-06 8.152035092753177325e-06 1.097210989557743120e-05 2.009054022165610015e-06 1.376559020923998934e-05 1.887663235541296031e-05 6.044005617390224278e-06 1.202196646548250052e-05 3.062240663430279417e-05 3.844180584271297976e-05 2.327629380442096965e-05 1.940545698273544396e-05 9.229751746936270282e-05
1.525816163287130185e-07 5.162765072241088735e-06 2.517258038290769021e-05 3.256100982962042327e-05 5.394756647332912461e-05 2.479232440361685968e-05 7.418979328936147598e-06 1.986356130335459148e-05 9.407183921196840209e-06 8.858845081862831114e-06 3.097340462425826927e-05 3.053327446987724660e-05 1.827074508226744906e-05 2.492770016416264087e-05 1.013537984797085035e-04
4.802235618250393773e-02 6.337105664125590454e-03 7.342585315858198534e-04 2.060612262822163239e-06 1.051383366528277482e-05 1.381333305437352565e-05 1.036495546095752551e-05 2.848144021789974068e-06 9.199253471396054443e-06 1.059430105064567939e-05 3.419604260405180159e-07 5.048789922293463375e-06 7.868594654046486670e-06 1.876621839824609529e-06 6.371073199331005815e-06
3.714335837230211947e-07 1.068079883538165906e-05 5.127076977564824171e-05 6.494387403337599388e-05 6.608692508610197736e-05 7.204189176985814326e-06 3.870730975827343451e-05 5.011356919455030437e-05 3.664484621105194455e-05 1.218682455579789622e-07 2.505611288371876246e-05 4.494455988893886330e-05 4.578605740345039285e-05 1.835336846625044315e-05 2.582901376900831260e-05
2.767706171711247669e-07 7.924640682041994504e-06 3.767834189252416651e-05 4.128424117693436002e-05 1.978733215919909735e-05 2.608209105142816198e-05 4.364569779714703638e-05 2.812263614341571131e-05 1.131805413712723120e-05 4.495768237584063699e-05 6.741087057204566595e-05 5.918911578683220816e-05 2.852000462021201397e-05 3.274455743686126145e-05 1.280860873071740973e-04
2.219292702305189859e-07 5.938947370139676264e-06 2.218556987232327585e-05 8.522589630432981275e-05 5.746796982048406278e-05 4.135752606500406408e-06 3.758839818003452393e-05 3.503919948161589884e-05 1.031539759763018406e-05 1.800675514022842405e-05 3.398804121646138319e-05 3.259575022571330156e-05 8.130421903370277543e-06 3.081560207687718023e-05 9.556987454293240853e-05
1.787056547419695756e-06 3.217250391771229583e-05 1.092825168070884725e-04 1.009419940750568164e-04 1.224707745037878839e-04 6.247560011376884607e-05 6.527066431771406919e-06 2.595089276071339571e-05 2.706549653240501475e-05 1.822962646197139017e-05 9.659294178662663363e-06 8.168301405821876189e-06 1.711404634251619176e-05 1.947069005392631100e-05 2.988083329512960666e-05
1.885602468784843738e-07 1.564803263968927461e-06 1.792105476659236658e-04 1.006001936113836756e-05 1.587103199794966040e-05 7.517800996706609342e-06 1.994880385149931746e-05 1.465878084388045794e-05 2.240648833894837890e-07 1.150730888816135128e-05 1.880672372540847598e-05 1.713583211032317877e-05 7.170429891786193218e-06 6.761208767175960817e-06 1.592400477367611925e-05
4.100467764152003827e-03 2.818390836133393914e-06 2.111659032575941494e-05 3.511975128125112514e-05 1.553469441257048543e-07 3.357395662877267587e-05 3.396778010880012396e-05 1.554905531423751759e-05 1.037627527596876626e-05 2.991264347922689088e-05 4.103305244921117123e-05 3.121617223659750286e-05 1.957247484338133563e-05 1.954797107394154601e-06 9.546172106721730099e-06
2.129056933249784695e-07 1.586465766127437680e-06 5.680818418343011323e-05 2.830526454972556494e-05 1.206263901501666124e-05 1.072039139311115391e-05 1.314689257656361025e-05 5.226909525556185148e-06 1.000687340652252631e-05 1.588607347700767122e-05 1.075340981498542930e-05 2.830855579570309172e-06 9.554277374872348675e-06 4.629492416088096417e-06 5.346554443036999033e-06
4.128157002326500720e-07 3.954264428734501438e-04 1.236193242365245888e-04 2.558279540782630526e-06 5.225564195628575764e-06 1.643586645811171828e-05 8.503270518802350650e-06 9.121178631494115932e-06 1.558735256827841373e-05 1.689200742967888501e-05 5.629835248551951907e-06 1.070321319247541150e-05 1.364667337808336490e-05 9.323331289654467264e-06 1.798629617994060962e-05
3.878586382256254925e-08 9.991692640115594552e-07 9.861490552974363996e-07 1.544794802265536789e-06 2.880764954350287409e-05 3.125597203954547158e-05 1.105395799004023389e-05 1.285295097362598397e-05 1.256891693351982705e-05 1.059466556792045938e-05 8.746295516952231529e-07 1.517916764573911134e-05 1.064038688873458053e-05 1.308135547887324638e-05 6.140258281620803392e-05
9.496645910911631237e-04 5.464437799451691903e-07 5.835125881369945296e-05 1.487684134260649577e-05 2.288081971359201525e-05 1.264608298500713322e-05 1.268767479430820345e-05 3.483204858915538518e-05 2.901414531293392392e-05 1.272695016785349712e-05 1.594683346767574838e-05 3.781241900760328893e-05 4.577429517727345823e-05 2.324041706866878328e-05 2.849176025311101661e-05
7.362980389311239154e-08 6.385320950844888535e-07 8.387691789797043537e-06 3.261544029695803742e-05 3.563965158557210757e-05 1.366026060043060731e-07 3.329128256099614326e-05 5.048690958562448240e-05 3.185628826274214170e-05 1.114096968347258379e-06 3.341296651775061061e-05 5.957490494804031371e-05 6.274921676821354586e-05 2.593198284065187790e-05 4.706401828739487520e-05
3.735795053816789671e-07 4.359744996079418775e-06 1.045695021760870581e-04 2.651548399411424508e-06 3.554379400284556349e-05 4.681528919629827828e-06 3.481509150502083000e-05 3.723611088531491453e-05 2.039387938233316988e-05 1.562243390645663344e-05 4.973726813352545535e-05 7.143969677006755141e-05 7.013403663286655665e-05 2.487493893496159293e-05 6.195450298963465390e-05
3.733116918390384836e-07 5.281056257803050293e-04 1.720042859802869861e-05 1.336084570793897035e-04 8.776451563758293358e-05 7.810450669658407710e-06 6.945279794507631835e-05 8.633002128603312541e-05 5.115613695853419755e-05 2.632562387973471077e-07 5.303374867047620518e-05 8.613741299146695813e-05 8.235874056622193929e-05 2.471942189413515854e-05 7.932934911258984225e-05
2.376010660867148515e-07 3.356548055049831804e-07 7.558083434917611419e-04 2.860197604327016033e-04 7.643356767892348295e-06 5.551594092570117723e-05 3.158840897956844920e-05 8.767662757971278530e-06 2.579628037896926023e-05 2.384762648065438174e-05 3.688237779613736821e-06 1.486729430040544843e-05 2.400861506548866082e-05 8.917092457129808424e-06 2.189906262215439488e-05
6.811524391035173669e-08 4.795110730666862840e-04 1.266804857819563445e-05 1.353208548774199372e-04 6.986975945335578513e-05 2.893537822980350868e-05 7.416545855604319952e-05 5.367803322437677833e-05 6.066940925208374766e-06 4.678852349615967660e-05 8.694926957607295500e-05 8.323998717930490164e-05 3.188461501552239781e-05 8.629036650985164513e-05 2.759927517723217180e-04
1.441333589739211422e-07 3.569585877789254715e-06 1.129996476928505858e-05 2.020491850727376422e-04 1.702630848300716029e-04 5.443823971643358902e-05 3.208040642751523665e-05 6.461589026140354100e-05 4.609556025201864472e-05 4.486104247436299018e-06 4.064450880604091190e-05 6.813425978568288320e-05 6.544497405665828109e-05 2.850054157946587264e-05 5.785542439615316986e-05
