-38.211738996449384 343.45629061991235 -11581.747730798417 96788.07619055868 -298936.721052851 0.0
-37.534816338454 242.07936749903183 -7190.387437124246 29114.109242678867 140701.58187839706 -975181.2949526069
-37.22849723506018 208.70473438323063 -6212.786973600437 27645.8669917704 0.0 0.0
-32.13651907702091 -239.5125806824098 9054.72976738011 -221068.61662224945 1991751.9054743198 -6336450.860098254
-30.676392260927603 -370.76306259007816 13505.685303453956 -290442.0074663452 2528505.933889229 -8029894.9340551235
-36.78415522372472 158.25911914336396 -4613.117903546189 16715.102983242276 0.0 0.0
-31.02564739466407 -331.99893219533396 11560.601680648584 -239692.73411933315 1973744.0435717201 -5876362.448894525
-37.22788715858042 174.22336576712428 -4680.507455601586 17158.706484478862 0.0 0.0
-34.25503835904329 -42.64442866665943 1157.1409850969867 -52025.05972889693 349199.29674406856 -504513.0037107452
-37.00769480055814 153.7658027278724 -4118.899483509822 13888.257769235035 0.0 0.0
-32.641716112253754 -188.21899735318203 6133.204566998712 -131699.44005303943 990432.5190325532 -2569430.164382142
-33.808112074944106 -78.61193951835743 1986.284547364525 -53011.72236186045 269364.5857837069 0.0
-32.35114780966527 -213.96722778950263 6878.2185772249695 -139035.38342457538 1028498.3902573425 -2676582.5751501485
-32.56362407070986 -195.38408186276297 6172.972602281554 -124849.94552383668 903354.349122475 -2276011.9212789806
-34.02153800327994 -65.27420042372438 1549.761537932062 -43283.61857933218 210362.52862077288 0.0
-33.039334886624225 -154.0129862935071 4643.9114000523105 -95331.88668004406 650727.7570494015 -1485926.6423010135
-33.98061794194574 -70.71959844945293 1683.854268232505 -42691.61112616079 201386.93308548242 0.0
-33.32514951150617 -129.52921235335498 3714.1188085356102 -76500.59790720398 489902.29203323595 -995859.6534458965
-33.68798900519004 -100.370872348542 2745.9878426311934 -59907.46891752589 359735.0540697116 -615447.9256784898
-34.20457347942547 -56.65897901314314 1252.5943558858141 -34302.833234111786 155418.52117102698 0.0
-34.021357623384176 -73.29852999473071 1790.3550134955078 -41992.97534852 215879.3005501202 -200323.36418869064
-34.133870626977675 -63.69819811968171 1420.8360261634723 -34438.10862697959 151367.21653063566 0.0
-34.32894043278601 -49.391147804373325 978.043193287526 -27192.80778958778 102112.88022460717 110222.35198591856
-34.516359319752745 -34.2926300957459 458.93244971212744 -17883.013774122293 29410.5404370399 317309.98210780177
-34.42939891139414 -42.567376942776626 719.7012064220597 -21305.52263484512 57794.70555479269 212936.3226808352
-34.47941443284799 -41.21754339518928 732.8774973171866 -21988.137984763274 74853.62979761063 112953.64346876998
-34.50321171017554 -40.28043108655797 694.3858922648382 -20735.444026734527 67901.7056274271 109613.9446025645
-34.722797578273386 -21.82314392747295 36.96724093430654 -8688.668429335537 -32753.266360775513 432460.8666001499
-34.75439937707956 -20.853909159258553 19.341979606003846 -8161.106943554793 -31749.66977530727 403469.7438923772
-34.580002212194096 -38.51738578819881 671.5994705239038 -19618.308690906004 75595.88592325353 0.0
-34.57407461135475 -40.12957100157608 714.4051488172288 -19573.16197272782 74725.03000161571 2038.452764859266
-34.78516119899501 -22.37734073443638 78.57982345190138 -7889.810995306821 -23949.313240191314 325640.0350722316
-34.629173606887015 -38.21256731325144 654.3177241439276 -17751.642382068316 65885.486879823 0.0
-34.672836767572164 -35.90520638272758 578.9534469124173 -16102.762046527703 55205.52586604046 21047.356913913718
-34.77211351500092 -28.048989620405912 286.3021906030504 -10300.06486016603 5436.205481934695 186691.75591526047
-34.85031701527436 -22.99311599011898 126.70445677101888 -7456.3943722429 -13365.351372509429 228725.65200437963
-34.798335094623866 -29.020590967233918 334.288623577314 -10538.60042215547 14124.754995284115 130859.05445512415
-34.86778934303856 -24.758355520903777 201.05495887634328 -8134.351227802855 -1480.9853126686457 165033.2579333453
-34.8625689687742 -27.20207518372563 304.96833903211916 -9880.86506949651 18626.96141743519 78192.27681516294
-34.913500088587874 -24.214992951876983 198.9420563925677 -7610.717939201798 555.5918280091795 134716.37222027144
-34.98441572856143 -19.601925937100575 41.99446075807881 -4603.964619959587 -22482.82569821237 203191.76377906228
-34.986335796829685 -21.608089554511295 132.56695266400033 -6140.057826405858 -4796.061846579835 128619.8162591106
-35.13320648825465 -11.368446698491924 -183.64032034650202 -1050.3010419103193 -40335.72304583643 222954.39779436027
-34.98224078632369 -26.03865861617817 315.1704464080832 -9032.318390319291 26866.95552089881 0.0
-35.36599991338436 4.663093191578286 -698.2050142961399 7696.190390171623 -104115.45688582993 401377.9485921553
-35.07141614317662 -22.53230626669667 223.56290124794324 -7211.693672773071 17306.81598376212 17256.78878059929
