2.013518985341390399e-01 3.593590867052590121e-02 5.408476143275667974e-04 1.602874779586164946e-03 5.424436800903603131e-04 1.618697666615637144e-03 1.431431754579968324e-03 6.425128243431725301e-04 2.288959523217928859e-04 8.382058935349788248e-04 1.023129164256157513e-03 7.261619820858875637e-04 4.667361174944755864e-05 1.256722402606452130e-03 2.838472808391652533e-03
2.290356239690651829e-01 2.471484654150229131e-04 9.778040170739821582e-03 2.451719910496989643e-03 1.333986456943850492e-03 1.892617541720922761e-03 1.042891366673502542e-03 1.055631283579964514e-04 1.024225397337082209e-03 1.524534747165752794e-03 1.583253998041093307e-03 1.242811625459626715e-03 5.878265126863396230e-04 3.308166094958422498e-04 1.443541059082200512e-03
2.305920537986838786e-06 1.723672228270863434e-05 2.864189826209665411e-03 6.201048814293986643e-04 1.196585358565990142e-04 2.268451486472634849e-05 1.877226864857162571e-04 2.557872279513621005e-04 1.651394214648705641e-04 5.751716934160181704e-06 1.759578249015965974e-04 2.728609111137230824e-04 2.495343369861168946e-04 8.497982342743032693e-05 2.404485695037426255e-04
2.345054835488889766e-02 2.857720760537025347e-05 1.466629532331379987e-04 8.585848646693640136e-04 4.584460193087346730e-04 1.120848678951179078e-04 3.628644342002933015e-04 2.936726207274001203e-04 4.576373584557773722e-05 2.336332142498640972e-04 4.359236342863159687e-04 5.093906910262563717e-04 3.986042994672040125e-04 1.080066739447960839e-04 3.787634520677479332e-04
3.175648508648573620e-01 1.658309772849290292e-02 1.464255754746434648e-05 9.811603875451452446e-06 9.704816683351522022e-05 4.668373354135369678e-05 1.149564085251842370e-04 6.343506508533779977e-05 4.204142913698823944e-05 1.310877584860608517e-04 1.470518213348089877e-04 6.844731538170682446e-05 1.087535005905755501e-04 3.905013571876888440e-04 7.791853360726669299e-04
2.009584426159768678e-01 1.228628063986173663e-02 3.067801584311756389e-08 1.514762873665470573e-07 1.207346711514025741e-04 6.044846657500288441e-05 1.899054991595625787e-06 1.423672859179303846e-05 8.145305026004643421e-06 4.603587406905277168e-06 6.140163350363413902e-06 1.878630494553858936e-06 1.191965172192098028e-06 4.594501402406918457e-06 3.288502323104946113e-06
1.076932427023591150e-06 3.225676510654708535e-05 1.609459393166339804e-04 2.123269160648788600e-04 4.169289458867395158e-05 9.505343451276628886e-05 1.032990036236913143e-04 4.526006902280954602e-05 1.717874020654271762e-05 5.731324863059229541e-05 7.049808007847027788e-05 5.881993139798286926e-05 3.164551741455021009e-05 8.964146497414687712e-06 4.208913027456864906e-05
2.126993334537557165e-07 1.284647444072162441e-06 2.747911226784176958e-04 1.647283944504878561e-05 1.393465704371850575e-05 2.700272931708500588e-05 4.285088355345362504e-06 3.075174927202465106e-05 3.651920999266313101e-05 1.295115080570488212e-05 1.906886768724324401e-05 4.387915241080107961e-05 4.735386115201030882e-05 2.835127083909170034e-05 2.524162117707360624e-05
1.190083379746279119e-01 5.704453260868020688e-05 1.611296985793103740e-04 1.640509835120898064e-04 6.217144514710016331e-04 6.678037709424030320e-04 4.377143789032576912e-04 1.346931709578961882e-04 1.209440781455563502e-04 2.725822137333469390e-04 2.934074265609090768e-04 1.902899103327450379e-04 3.496939851478085727e-05 3.742682171726190014e-04 8.151829305010643454e-04
6.462486129459342355e-08 1.568005288684932629e-06 2.131404534075141796e-04 1.680146939422795830e-05 9.432948757865492503e-05 5.961555084598832741e-05 8.035499945515645377e-06 4.013217334022434380e-05 3.263047060077468240e-05 1.715169842496523284e-07 3.220287545553218576e-05 5.781573904974742688e-05 5.806016738659357555e-05 3.047163279331182632e-05 2.104166461887205667e-05
1.378492821225387440e-07 1.195430748907267060e-08 1.193166359769558390e-03 5.813465320432350441e-04 1.431066759704129401e-04 3.897785624565884632e-06 8.575091007935742237e-06 2.254917977891769937e-06 1.615105753673284312e-05 7.479524443732330253e-06 4.427533256337681120e-07 4.943159642018652816e-06 2.695117819755185550e-06 2.443791923046645504e-06 2.347112021911516961e-06
5.679070672981434305e-07 6.573914599358322659e-07 3.637079522774103613e-04 9.930386483418524087e-06 8.967261872997649239e-05 4.042248333664768986e-05 1.523456373452173053e-05 2.676224932471540314e-05 1.346010115904178897e-05 1.012011840240387838e-05 2.798020966716773859e-05 3.013018112237577249e-05 1.574497131383992003e-05 1.949370853504009892e-05 7.304382423867953158e-05
1.768578946076939086e-07 3.553578461547749184e-03 4.192343826253773639e-06 1.431799386119412415e-04 2.451701934675441216e-05 1.211316272343447105e-05 1.252277314240913128e-05 7.243348272385212318e-06 5.393426580259139741e-06 1.648786512700260119e-06 6.635798860036919363e-06 1.481129121664339635e-05 1.607944679654208889e-05 8.005211886852834434e-06 1.724701782318901303e-05
6.967264218296349669e-03 4.013713267967618416e-05 1.887541180930836461e-03 4.560426067311078280e-04 2.992056164897842225e-04 4.322495845053263026e-04 2.858256989857888681e-04 6.370023641015344694e-05 1.382447490020143413e-04 2.595612001644121759e-04 2.855376205326888052e-04 2.010858755352461539e-04 6.090219479940968669e-06 3.106084253846820467e-04 7.413369947314998529e-04
5.835655802728960395e-02 3.577156236017405563e-06 4.396153711741032297e-03 2.468100350610924389e-03 9.480187471981908146e-04 1.792799354010677628e-04 1.192790897049519975e-04 1.674428543445734806e-04 9.498014321887590194e-05 7.805430509539977867e-06 1.071859912750487915e-04 1.507997483776155924e-04 1.245856695443117311e-04 1.828576401848193214e-05 1.844736929314155826e-04
4.246609939112195632e-08 4.453130000472394281e-03 6.558731312630830990e-05 1.571928133332788004e-04 7.351023236804523344e-06 1.035520559830665989e-04 1.230569494347673461e-04 7.577131785799819932e-05 1.048123328147684698e-05 6.744379358325810591e-05 1.225961291210304264e-04 1.446887283484946021e-04 1.202967468254652681e-04 3.256378639849479158e-05 1.236749459422902594e-04
8.880577594232788507e-08 6.335242881777429329e-03 8.592268948670625473e-04 1.005114251309628536e-05 5.260665730617722444e-05 9.176083826924226128e-06 4.773192850565888902e-05 5.350404509386873106e-05 2.603752127765038339e-05 2.056695705724164680e-05 5.628413143306446975e-05 6.057900945028565074e-05 2.678643784382622224e-05 6.989002077103704082e-05 2.271742812744761129e-04
8.471257424263663642e-09 5.488882280602435217e-04 1.019611676963314637e-06 9.835393356170131745e-05 1.536150261112171234e-05 2.155140088241858044e-05 9.246283047328331898e-06 1.206219534617283385e-05 3.050319926775106879e-05 2.209170882691486695e-05 8.958700492670675574e-06 9.341517888633954115e-06 2.040990018167058894e-05 1.673810612961322008e-05 1.204593586556554031e-05
4.457746779143162940e-07 1.665473155710354722e-05 3.664690149614057758e-04 9.716895621268461017e-05 3.131944423339433554e-05 7.323879168353413774e-05 7.053503892887734862e-05 2.897811428864888712e-05 3.338660885014392142e-05 9.203230432616596804e-05 1.211932440712155934e-04 1.124672069187261506e-04 4.838111303813822652e-05 8.110480412671939579e-05 2.735442896883249998e-04
1.477756375486574845e-07 4.576613488272645775e-07 5.256378669300802150e-07 6.848589240099245043e-06 1.483418593668817278e-05 1.796165984755973636e-06 2.170681739912328688e-05 1.898169092618578842e-05 5.312674835597016199e-06 1.177196205484242160e-05 1.454335388012991278e-05 1.343683158018946055e-05 8.160628960624794999e-05 1.917607870295704147e-04 3.563732422997515498e-04
3.334836887134746748e-07 4.788534742528738302e-06 1.249066362939789182e-03 9.137437536542899726e-04 4.539329595982749088e-04 1.130626258750288014e-04 5.901566540817916915e-05 1.064216184345926562e-04 6.923953208265725030e-05 6.914917033989580036e-06 7.541956009653657807e-05 1.152737100562051909e-04 1.055049679575442213e-04 3.556569082822022012e-05 1.003725093313016022e-04
5.842628233810556933e-08 1.455271656895582076e-06 4.734695235752554401e-06 9.632114692273136111e-05 9.064433256794668695e-05 2.420935682086750520e-05 2.774081193390511441e-05 3.639391411553876576e-05 1.615329888880154239e-05 1.268523428974005045e-05 2.696157849826780816e-05 1.790213344824842574e-05 2.587545843331870307e-05 1.147041865081164239e-04 2.436636828716063762e-04
2.260304480739881197e-07 4.437934016858447405e-04 1.716162902481715307e-04 5.039594965998463217e-06 6.221804083779170500e-05 2.919376500524460016e-05 9.373459054059889501e-06 2.469373959080370238e-05 1.663699480010674637e-05 8.869986615433973130e-06 2.789107167607104471e-05 3.167492138340739143e-05 1.362831673890882567e-05 2.807135557664383913e-05 1.005437310487856918e-04
4.550875665022283828e-02 9.133684882057701903e-06 6.981049613688085722e-05 1.190483503616620486e-04 1.860862236299390299e-05 1.027126813218814559e-04 1.502531784273979240e-04 1.179328845524955357e-04 4.346971058615113181e-05 3.509440861790438473e-05 8.655021326067037024e-05 8.775385262673512303e-05 3.239872989655963927e-05 8.607208691762606272e-05 2.627331397918596947e-04
4.307939953639027128e-07 5.927287315611485131e-04 1.155378227849892412e-05 7.842304219696234595e-05 6.160580332479905993e-05 7.601322177038058723e-06 4.903209911252627210e-05 4.498165242405586286e-05 1.886949738130861312e-05 1.510034584113184643e-05 4.124559184582031354e-05 5.062790021772927383e-05 3.793968633763155474e-05 3.422182634224665254e-06 5.237633005789015916e-05
3.084659339610265083e-07 1.840317117480290638e-03 6.462202596679297124e-05 1.550103855840450750e-04 7.223940114273056340e-06 1.000206101413290836e-04 9.518664170029117716e-05 2.122074492033003735e-05 7.687756161916835587e-05 1.563341511731955414e-04 1.845692962981371633e-04 1.515254318438366337e-04 4.903298458264109195e-05 1.120425811197709788e-04 3.299691308588969586e-04
2.442841445979993433e-07 7.952321795785274552e-06 4.135563038245437258e-05 5.640813853705180442e-05 4.230756158994497784e-06 5.068957264465682690e-05 5.754970145583035196e-05 2.771262421656905386e-05 8.898490722351935864e-06 3.850670410459689966e-05 4.126740324482121807e-05 1.663576808708637449e-05 3.624971932167829686e-05 1.157820827331728757e-04 2.095364081077215476e-04
2.996093729648295206e-07 5.351875487982751419e-06 6.377664211766966062e-04 4.229178074075275314e-04 8.991065914363975990e-05 1.081883407405745786e-04 1.570064902285658924e-04 1.180402466458901824e-04 4.549270874650525515e-05 1.760179323506666816e-05 5.619428754149422722e-05 5.184415003796093076e-05 7.755906046345564721e-06 6.476296259642588230e-05 1.665553789150327397e-04
1.778658488739678907e-08 1.796558754715388749e-07 1.023762243202809129e-03 8.491362541555917643e-04 4.436792752081388218e-04 1.585731266039261422e-04 1.817689397480882577e-05 2.088188710592154648e-05 1.604177564526551935e-05 1.703738768673072404e-06 1.541157423669906317e-05 1.596337183428101972e-05 4.683542927375758744e-06 1.714989517681978070e-05 4.484668082520506139e-05
1.159976823632768292e-07 3.148196018656077358e-03 1.865243023683137757e-05 3.383997977852554163e-04 1.199609471798520445e-04 5.470335107228954717e-05 1.045168484538140424e-04 7.271456426346800401e-05 1.910598997412190240e-05 3.231599685453600846e-05 6.342251997342479466e-05 6.639422809250079404e-05 4.177611155532637218e-05 1.082248531639805871e-06 5.504821644935821862e-05
2.324732401836383017e-08 1.159767452093288804e-06 9.085099920662852599e-06 2.186455565885148721e-05 9.770028678904555490e-06 1.740725865129183272e-05 2.803448226196995244e-06 1.937647236564213094e-05 2.627421756274793762e-05 2.140827421140524621e-05 8.800753400509617400e-06 5.828774800849244612e-06 9.814719699421983995e-06 9.527468783947304489e-06 5.297597260992360969e-05
2.956844551994442029e-07 1.795190913348519276e-06 6.493674747571436544e-06 8.981705140008745114e-06 1.474210265154778493e-05 1.235705848808984818e-05 7.040624535619453554e-06 2.043764431405168449e-05 1.690837003819990880e-05 3.696804310658343739e-06 1.655827172051242300e-05 2.595285268729652183e-05 1.629496598028480603e-05 2.458984696049443570e-05 1.046255266240630241e-04
3.056136204722817461e-07 5.988707507371794272e-06 2.362560414337429478e-04 5.175393544784732058e-05 5.904325728633801740e-05 5.830526988066344935e-05 1.186672067225876502e-05 3.518932400076115499e-05 4.803029987994795352e-05 4.209582304497289649e-05 1.709057427058802674e-05 1.153977847328412384e-05 2.835067613715817539e-05 2.426936148569246133e-05 4.813063183807910705e-06
2.604155712753674726e-07 7.168313981032670106e-07 1.743539232314667291e-04 9.689228138705108047e-06 5.811992697039989784e-05 3.667768479648724454e-05 3.380780685655634437e-06 2.897136056857431739e-05 2.516729679439037591e-05 6.490562553128103737e-06 1.915861356331294141e-05 3.120283516465640282e-05 2.150466269079911639e-05 2.052932922589109277e-05 1.055954365045513844e-04
3.714078816806351955e-08 2.133893898227257752e-03 1.697593455595489511e-04 9.725576340212035048e-06 1.907949168427014331e-05 1.090364716096712958e-05 1.998337837644064124e-05 3.178556718071504084e-05 2.667532799828129067e-05 4.003909115929684765e-06 1.724254822792848640e-05 2.373295824831725935e-05 1.395421258017941053e-05 2.856375751384927626e-05 1.037050226106397169e-04
