5.759886198399510882e-02 7.775643058269279817e-02 3.758533014169206099e-02 5.064965709837043577e-03 3.113759337500802624e-02 4.320299977936376684e-02 4.554794877794287461e-02 4.140864177130178930e-02 3.299040682990724699e-02 2.174530699885610444e-02 8.647855897403050607e-03 5.639919142673844275e-03 2.066892064579247887e-02 3.612369202741207153e-02 5.178177011385464573e-02
6.297780491577963102e-02 5.923093710198717998e-02 2.088864226410631561e-02 1.141359992499525397e-02 2.776314081211466236e-02 3.318912852524886353e-02 3.208067039205714926e-02 2.721928896890121047e-02 2.026675594174952647e-02 1.222375734253396129e-02 3.689729141224487065e-03 4.971936572718213716e-03 1.353754145941527681e-02 2.187655505769936504e-02 2.991189473535850810e-02
4.789302136000320176e-02 5.238542547142438499e-02 1.688133809292407736e-02 7.654129202898615411e-03 1.810586881033061923e-02 2.035499047180815493e-02 1.836427711992499531e-02 1.433329157555148989e-02 9.463992202020297256e-03 4.394800347366237259e-03 5.320046603809291778e-04 5.143952484155472037e-03 9.354757309464367329e-03 1.314783268659209213e-02 1.651001107045389771e-02
3.822874848054196723e-02 1.671096118711733192e-02 1.312591634408903814e-02 2.659787233397505751e-02 2.821592683504082349e-02 2.431684557330360957e-02 1.828778835263043800e-02 1.177194843027578805e-02 5.529393449530283292e-03 1.044636599010881795e-04 5.012215729295495942e-03 9.175960293093718065e-03 1.263191125268662077e-02 1.543738328540920392e-02 1.764381672527253961e-02
4.504117575410939572e-02 2.660849423909024403e-02 6.898062906682322915e-03 1.914436071924177380e-03 3.153271541989107699e-03 1.605271599171629107e-03 4.301057881600993220e-04 1.997035511419091840e-03 2.768730994222807010e-03 2.684834370522757099e-03 1.800597469957341407e-03 2.083376475694086129e-04 1.983500919181263675e-03 4.680834298122366240e-03 7.798151779531814660e-03
2.946266889706417036e-02 1.468547108915053273e-02 8.761828367751318047e-04 4.226436116814528618e-03 1.999111852583327752e-03 1.291236057903150016e-03 3.884689254558129114e-03 5.239547223250960901e-03 5.305512375392219121e-03 4.208041704225304845e-03 2.125883294753483192e-03 7.825002239972834962e-04 4.345970415307837814e-03 8.434457135519851656e-03 1.295197644575502363e-02
1.313774394854937480e-02 9.357572660698008221e-03 4.282113074633666153e-03 4.457113950719590253e-03 2.764649860857625518e-04 3.911376204144959880e-03 6.707371125362869557e-03 7.834106070561182300e-03 7.412455546631955064e-03 5.677932681838579639e-03 2.866019800269596716e-03 7.988956483099247203e-04 5.137739709818927268e-03 1.000592730079014579e-02 1.527959846472867755e-02
9.422474036402284092e-03 4.610218855896598624e-04 1.181538834518001783e-02 8.191707912669550506e-03 1.400965107049500016e-03 4.348311958369604699e-03 7.990469128328885756e-03 9.498377088409610050e-03 9.156944020308553644e-03 7.305112009763622960e-03 4.262210186198147829e-03 2.706018534067629344e-04 4.452340691431026093e-03 9.733898799811417993e-03 1.544302552910983319e-02
1.787676876673342449e-02 6.818230222119250721e-03 1.596716462089265917e-02 1.008769609343086564e-02 2.022737763790811993e-03 4.318074161767177649e-03 8.151834820619409394e-03 9.629184777794532607e-03 9.136712074401580341e-03 7.072484052980154527e-03 3.774968805065545985e-03 4.791794949641796017e-04 5.460244778344888923e-03 1.100516278025019841e-02 1.697199477958332217e-02
2.012549267597246033e-02 1.209678433686938587e-02 1.553604929969461604e-02 6.210593362249616084e-03 3.348110239980460479e-03 1.003014373575640897e-02 1.355311503784416803e-02 1.435965941057380096e-02 1.299966212147849083e-02 9.966754407812574920e-03 5.656015210101100928e-03 3.929297166967228344e-04 5.601058557856206446e-03 1.212990562467237445e-02 1.905240874398632378e-02
1.173798815765125791e-02 1.832703611042613492e-02 1.325465090812065136e-02 1.197731745047140101e-05 1.061146215000573038e-02 1.681343248208204064e-02 1.902557849073141169e-02 1.809239319795119885e-02 1.478677374458834196e-02 9.730683930647953186e-03 3.394145439965970228e-03 3.867344378665961858e-03 1.178349548378267858e-02 2.016907718754424456e-02 2.885763257227916267e-02
9.354645673700328137e-03 2.452415793158052582e-02 1.506092550711250928e-02 5.521055615980385812e-04 1.215007619560046215e-02 1.857529806455275254e-02 2.062402001010634617e-02 1.932871265065418120e-02 1.556412501863704660e-02 1.001255819856412994e-02 3.166592683040638130e-03 4.602764257890314646e-03 1.301475355735731872e-02 2.187494808215665817e-02 3.102074967356062071e-02
2.966021513248924373e-03 2.496901275957490174e-02 9.924603516908624135e-03 7.453272985221743967e-03 1.906509152513150007e-02 2.472563826546545634e-02 2.568640055569900923e-02 2.319350043119815935e-02 1.821839348467575032e-02 1.149341286842641037e-02 3.535898282094613720e-03 5.284357425425664258e-03 1.467015216903716328e-02 2.443809823912400023e-02 3.442760093807623045e-02
1.681829968664620700e-02 2.411716498121108804e-02 1.385534004808471401e-02 1.536945079101206986e-03 1.244933438761652161e-02 1.819479491957903816e-02 1.973536228899850850e-02 1.812821054647152652e-02 1.422428147514769904e-02 8.666975115720669531e-03 1.926199464287001390e-03 5.660339111769486370e-03 1.383274805152513200e-02 2.240437501844286944e-02 3.123444489524785858e-02
1.778583529083573728e-02 2.619862271699987394e-02 1.439425754523843831e-02 1.583696528345761995e-03 1.262728574786818950e-02 1.835376122031587634e-02 1.984793010372790795e-02 1.820907945555782365e-02 1.429850876283745957e-02 8.764484371033618229e-03 2.054877610613521210e-03 5.477389736886779936e-03 1.359042295006449193e-02 2.208843563924118431e-02 3.083570402865920199e-02
1.195324625787236826e-02 2.683177917203395310e-02 1.149756503206272699e-02 5.664614399571395176e-03 1.689619324309330275e-02 2.240140817168103163e-02 2.351981551492755840e-02 2.144793814663869397e-02 1.710379704700348835e-02 1.114940880890041147e-02 4.038907155468270636e-03 3.862273961019271808e-03 1.231280025411213112e-02 2.112968231077048606e-02 3.016088111396117433e-02
1.231475905692946959e-02 2.713842866141689958e-02 1.186907956519686093e-02 4.700024939816383265e-03 1.534065467676744288e-02 2.042774371839106706e-02 2.130321244312565962e-02 1.913305230009976904e-02 1.480209375187562307e-02 8.928810717180693871e-03 1.964372445888457920e-03 5.756822223247072719e-03 1.399194734961165497e-02 2.256692303610306760e-02 3.135151753262985924e-02
5.993139534116558031e-03 2.841866481422984647e-02 9.993535353514262573e-03 7.498374267940651795e-03 1.816957252991014543e-02 2.293478115414724489e-02 2.335649559241793211e-02 2.069797625226710291e-02 1.586238234976777503e-02 9.515319397776609775e-03 2.105624461823011207e-03 6.029596319151011088e-03 1.464669139593544230e-02 2.357530234320773938e-02 3.267158542328313375e-02
1.100762056869284897e-02 2.775859737796165100e-02 1.065432853616091885e-02 6.097348224356083021e-03 1.655992615823050421e-02 2.151322062618838196e-02 2.238081260836921951e-02 2.032115794835165357e-02 1.619269452703517992e-02 1.058877052663113535e-02 3.950972462995868718e-03 3.411171945043235676e-03 1.126454148220359594e-02 1.943063642576570854e-02 2.778712909723720856e-02
6.213059256509910477e-03 2.790081911418206342e-02 9.791380361684028782e-03 6.644538751336380444e-03 1.651753863896977814e-02 2.089709280121992974e-02 2.127569434326593428e-02 1.881989674456106126e-02 1.437099168275508647e-02 8.526789000594475754e-03 1.695337042603299029e-03 5.804279155551280919e-03 1.375301170050336266e-02 2.197891155499404059e-02 3.036158693976008863e-02
7.173609921583228195e-03 2.560535228723774537e-02 8.833416666993472791e-03 6.430537793030354984e-03 1.564690679369194759e-02 1.980464732246283582e-02 2.026501024061442419e-02 1.809753374752377450e-02 1.405995574849245103e-02 8.704574383885730141e-03 2.427247787027106245e-03 4.486555370828786658e-03 1.183048995898338188e-02 1.944095109075217806e-02 2.720405846510886780e-02
1.108062064480952198e-03 2.657566031510736823e-02 6.713220829919166154e-03 9.393523026188550437e-03 1.851818169340229206e-02 2.217740433340683118e-02 2.195878743424871035e-02 1.903653404556991321e-02 1.423192557583391818e-02 8.118801504000605282e-03 1.118606101418201382e-03 6.479330070724756939e-03 1.445611461848875408e-02 2.265525718114792808e-02 3.095967552236185416e-02
1.157813776662982999e-03 2.602619878871028150e-02 6.438326672570905511e-03 9.001468319738283042e-03 1.763818486347804027e-02 2.102917324041676458e-02 2.071343220231482152e-02 1.782441332028689845e-02 1.313356115679103694e-02 7.215950530371191031e-03 4.435146768198992210e-04 6.884156393244484501e-03 1.456647935848506305e-02 2.245270445906096327e-02 3.042418653017451083e-02
1.159935450969981369e-03 2.425093978349382104e-02 4.920182573262925352e-03 1.002042236393723383e-02 1.833910993164827863e-02 2.160439198422009488e-02 2.130566576067665155e-02 1.853113912260202431e-02 1.402948664075024700e-02 8.343608506679957293e-03 1.848024663820487922e-03 5.180276979976838544e-03 1.253624557099675824e-02 2.008307931920887135e-02 2.770641265489167185e-02
2.097411673014074138e-03 2.229445855040252181e-02 3.225486956984693378e-03 1.114124338869710261e-02 1.905164137179961997e-02 2.209746518621942893e-02 2.172174372412930335e-02 1.897470063259521639e-02 1.458486450624727794e-02 9.063818506787085783e-03 2.778809418288243592e-03 4.002523911830709914e-03 1.108775229817313308e-02 1.833943494768913024e-02 2.565057532858502909e-02
4.477283427982112728e-03 2.211728373973859824e-02 3.944087617623577915e-03 9.530490149021318691e-03 1.690341946907819928e-02 1.969887111239354560e-02 1.928445867566875790e-02 1.662647311130177608e-02 1.243416002824248093e-02 7.179566662010783938e-03 1.220526848452235542e-03 5.195016548869468322e-03 1.188752388742616087e-02 1.871781443596716096e-02 2.559981341682062220e-02
3.863010139936024628e-03 2.018416244202147700e-02 3.799240581330562416e-03 8.464932991580440685e-03 1.525557122939436537e-02 1.790185942539359448e-02 1.761182689218882685e-02 1.526440495790209496e-02 1.150003877525059004e-02 6.763452095210775554e-03 1.378927404541917603e-03 4.433738099341590078e-03 1.048971335148405314e-02 1.668037537342641208e-02 2.290917671807450595e-02
2.250894861130486174e-03 1.524665880903408599e-02 2.744661767113481480e-03 7.302186754846571974e-03 1.310499800705309213e-02 1.552542556409369952e-02 1.548358204178631146e-02 1.367967668582637311e-02 1.064705272188117176e-02 6.768032522829437077e-03 2.308491136727670173e-03 2.518878228180765951e-03 7.566192242178503176e-03 1.273872305824694066e-02 1.794523930286611585e-02
2.714029927537138422e-03 1.725382203847705687e-02 3.209569329839125854e-03 7.315194963683020225e-03 1.315627393156472251e-02 1.540496547163121115e-02 1.509886740492021907e-02 1.300624529301030487e-02 9.683547565712163560e-03 5.531171850359039785e-03 8.291020872800879604e-04 4.207827368813065946e-03 9.442512895925373947e-03 1.475976102922883781e-02 2.009422565154825660e-02
1.380972651073607456e-02 2.038608816396694778e-02 1.405074889307736906e-02 5.663249872373168903e-03 7.144298637807395755e-04 4.843333694752585336e-03 7.102077592877465914e-03 7.920245660893363709e-03 7.658552603486468158e-03 6.618142767085003625e-03 5.019396195063052270e-03 3.022211446868128346e-03 7.587173433309824661e-04 1.682020033271507294e-03 4.231294316987759853e-03
6.160629985962972656e-03 1.744870004652770631e-02 9.396118289418702724e-03 1.259651920106128311e-03 4.240638001497622905e-03 7.288901708446245652e-03 8.416982599408661531e-03 8.154273560874909094e-03 6.895214257632758213e-03 4.928553487963665582e-03 2.495635524923911150e-03 2.503096467205531326e-04 3.193214102634563817e-03 6.237327100972528057e-03 9.335141118199007798e-03
1.896963990438812120e-03 1.414587865060735160e-02 5.053510276827675139e-03 2.657129999681167969e-03 7.277271604038887572e-03 9.312881632925887332e-03 9.449737421469917714e-03 8.235498769514735737e-03 6.118345754849593282e-03 3.384354554866942331e-03 2.708937284230511218e-04 3.080320454942822236e-03 6.554483642727196822e-03 1.007960222562158045e-02 1.359101352836061989e-02
4.029853319907254565e-04 1.373721959828673976e-02 3.745696332934677839e-03 4.158904139383127162e-03 8.689208087854203427e-03 1.052828527397209682e-02 1.043788349941347088e-02 9.022706699849697420e-03 6.727797737315968467e-03 3.864753385395526541e-03 6.512291287703509584e-04 2.762366349785832283e-03 6.266683518603065328e-03 9.788396695106567347e-03 1.328200564770968747e-02
6.242346289407336817e-03 1.276841745348211883e-02 1.539777979379321551e-03 6.413849653288293366e-03 1.061056274455162915e-02 1.199492255160611830e-02 1.145110794766240371e-02 9.630074350251283458e-03 6.978608746529574997e-03 3.828494211112790438e-03 3.763302117584406132e-04 3.218386806434889516e-03 6.861867966439066588e-03 1.049301967782007364e-02 1.405946090707478439e-02
4.084491728069092852e-03 1.109146661605948762e-02 1.656627220808843358e-03 5.262994552178902434e-03 8.960697574602808149e-03 1.019888271587885732e-02 9.752407945687120022e-03 8.199509725278089980e-03 5.943405779010878937e-03 3.274364544847465416e-03 3.615400750285711765e-04 2.654739443718611910e-03 5.692622158264075069e-03 8.702983240335292539e-03 1.164047066694982174e-02
