3.576603406887620918e-07 1.817290623978156175e-02 3.449953872074644424e-07 2.110464047389273758e-03 8.681932642382981938e-04 2.611909762489785259e-05 7.669615517609788163e-05 7.521569005668954160e-05 2.413656917424468967e-05
3.959339899641444572e-09 2.511517342030727006e-08 3.355292739990461890e-07 4.444670335271405756e-04 1.610160445666347433e-04 6.967350365639498477e-07 9.921220766008257012e-07 3.289962339525783039e-05 3.219978137667522290e-07
3.479507902676596332e-06 1.450778433892416577e-03 3.736808847845796058e-03 3.585086063813557218e-04 7.297938263808095502e-04 8.661799907861546602e-05 7.249311433934479965e-04 7.824669831836366090e-04 2.628166092363610389e-04
3.990510676301783910e-01 4.371455558903862559e-02 5.870313993449342277e-06 1.507232499989613573e-03 1.042434825706112223e-04 2.029264717538678780e-04 3.002719641563938755e-05 1.693758023884352193e-04 9.479946643537206813e-05
1.809015619951479525e-01 1.846044898907004035e-05 4.982082590077023358e-03 3.543890589312766724e-04 6.252427470542323059e-04 8.634198856142571760e-05 7.447590205616071071e-04 6.232975299392334249e-04 4.197182737665435827e-04
1.075921828545947280e-07 8.970136663468577889e-08 7.887516098869151379e-04 1.765619190612408398e-07 1.083587972728051082e-07 7.895861296100993717e-05 7.039674936600899251e-08 9.319189235846185918e-05 2.228959467160832374e-08
1.848903414070894105e-07 2.041669347630111334e-08 2.243020960713439007e-03 4.835568688798367351e-04 4.355106763860652492e-06 4.111912308265753768e-06 1.321025826787230067e-05 1.429626451101858934e-05 5.177732533536811954e-06
4.344849919554964257e-07 3.765484322836553324e-06 1.127798928221080123e-05 7.625677109115773468e-04 4.238864728600334102e-04 5.270324783700012903e-05 6.012251209469882416e-05 1.430217614583915746e-05 1.502088908874011521e-05
1.098978084193887317e-01 1.709100278777981709e-09 2.528184250930657923e-03 5.031393507202763836e-04 9.889825444080498333e-07 5.117587238774077584e-06 9.784980740154838820e-06 8.175406905089299784e-06 2.520850271641855311e-06
3.258018345309087599e-02 4.551922115246799416e-06 4.607672763916699558e-05 1.362302682712799619e-04 1.321702050617077706e-04 1.579429002027632977e-04 3.112007107269250670e-06 9.320093245606478349e-05 5.576414858441966705e-05
4.845351122578028949e-08 1.711121723882728281e-07 1.203536789076673675e-07 1.211493898438512301e-07 8.617740187061849046e-08 2.458736003732736879e-04 4.853428456871107695e-04 4.546847965044721997e-04 4.528310402379903439e-08
1.471817008252743626e-07 1.736468362925152513e-03 7.772058728470469083e-06 4.127608743369464567e-05 7.530709761461028577e-05 5.009369840905553991e-05 1.553640236694206836e-04 8.354505911207393650e-06 5.747624462928487433e-04
1.028000220900274347e-01 3.725875774730046565e-09 1.057135789864944861e-06 2.038928345251624400e-04 1.045188087405948089e-05 2.469954713907142056e-05 2.361592496261103775e-05 7.833853884909347970e-06 2.231209784944502520e-04
1.007219276531437772e-07 1.512221824764539873e-09 2.668619042177150690e-07 1.630985115297629825e-08 6.406743146381944714e-05 2.728969549550164829e-08 8.134446292704157499e-05 9.261604657703802548e-05 1.247934096358902147e-08
1.450485133185464015e-01 8.117961129418269431e-04 7.329165108023757704e-06 2.717209282432761421e-05 1.142831228606546368e-04 7.375546402696095405e-05 3.204373596225257098e-05 6.693508994845769435e-05 4.507407835883483799e-05
4.025573371663209685e-08 4.773688693874620845e-03 4.055069831787610068e-06 1.359129831073340582e-05 1.485340375894739847e-04 4.728152431159446991e-05 6.047163285805606434e-05 2.277033693205506482e-05 3.799446192725510515e-04
4.027408165831448756e-07 6.775774064883797072e-06 3.712485099351721661e-05 8.111900536124487537e-05 7.534470442114958718e-05 2.504942145248695049e-05 6.967255179700163059e-04 2.010270807969105015e-03 3.919746342722199572e-03
2.581829576981599512e-07 4.094826883516296819e-08 2.587400928813951241e-08 6.450035975021424298e-08 3.133398775030127607e-05 5.019296299336429391e-05 2.729376644066640033e-05 2.414797281232562459e-07 2.107365475951525905e-10
6.275619731491430264e-02 2.759297390452754580e-05 1.542525966987858812e-04 2.076247890774447725e-04 1.705235532760656216e-04 5.560042485442743930e-05 2.060146477123797940e-04 1.528164800816237420e-04 1.275142997905082945e-04
1.309448623528919768e-06 1.418694158680583701e-05 3.447563159060909496e-05 7.202888089961933041e-04 5.627666186428525747e-04 1.092647907894468944e-04 2.061441339044672231e-04 2.154038271737413921e-04 1.274675902091034103e-04
5.985793496906743691e-08 3.525367666069421251e-04 1.489430732836263165e-03 5.055193080967793811e-04 1.961808987306715643e-05 4.847418398769507824e-05 1.204451080544693838e-05 4.452161474453676567e-05 2.765337958570641125e-05
1.673640454917530973e-07 2.638627064270176777e-06 7.487462223962920325e-04 3.759513625900184544e-05 8.533829838342175944e-05 5.672682161036575287e-05 1.817120551611752129e-04 1.829804666018134611e-04 6.449689919371090867e-06
8.333044232155860657e-07 8.473607774400941997e-04 2.129444927178530828e-05 2.363127838751487070e-04 1.143687101507533203e-04 7.066582548314330914e-05 1.078610328107666255e-04 8.464069274223389990e-05 5.105237433761181803e-04
3.409492168587121095e-07 6.184352742981993585e-06 1.598033765893863378e-05 1.089059978553177314e-04 2.635065838760529557e-05 5.769333318262578100e-05 8.547033170363215176e-05 4.599675727658315448e-05 3.010216747666422433e-05
2.691824870970761707e-07 4.188268557309835297e-07 3.598018763307319723e-04 2.670410759362080798e-06 6.035091499845280234e-05 1.482953393109006037e-05 2.102910818142452687e-05 8.527479250296230288e-06 1.201548179205810791e-04
3.746120199098930713e-07 8.278758265916160951e-06 2.386252805920926717e-05 1.515509412780138095e-04 5.135580222539250532e-05 6.464433722006236651e-05 8.016374837323413560e-05 4.527152930963176340e-05 3.308466560529336412e-04
3.627025802506100155e-02 2.592885295979635745e-09 7.502615139321921914e-05 8.737475652216700114e-08 1.321496573079828248e-05 1.223473664725217737e-06 2.958310736247832624e-06 2.668950431208885162e-06 8.493495031730112068e-07
4.861246375687940595e-07 1.610969123078496688e-06 2.214351265501727898e-04 7.512177657152265603e-06 4.949614230984608550e-05 2.007931347509478811e-05 2.428951153436451622e-05 3.307551128852941573e-05 1.877759788567279092e-05
3.345407864025972321e-09 8.255508433700700513e-04 1.184899613032119358e-07 2.928763571715492533e-05 1.203974735001330025e-06 2.335978582184612712e-06 1.609510991816201331e-06 3.623501657432271290e-07 5.237208885414477148e-05
1.478373525753031915e-08 4.895913697711857257e-04 1.362695866040732258e-06 3.541014957573934706e-06 5.966083523239022519e-06 4.244906828465970188e-06 2.169087538568841681e-05 4.879592951451736851e-07 1.047939481290583217e-04
3.770921992604545886e-10 2.805468061047726208e-04 6.558749350104881249e-10 8.697156560742798844e-11 3.035454217304098110e-09 3.492514695635587228e-07 3.065191367315725647e-09 1.609690829157423974e-05 6.470820994916855564e-05
1.972055042539808817e-02 5.015640172256501191e-07 9.228428247805373642e-07 5.265002865979312500e-05 7.517559738682856032e-06 1.201357624649417095e-05 3.258904217587469643e-06 1.072203393988125009e-05 5.361447323606965876e-06
2.893573848346093677e-08 4.218452708307782029e-07 1.102780886654847886e-04 7.232238682133523208e-06 1.767536126279263954e-05 1.327364764469700805e-05 4.397345611726179247e-05 2.438042010423288964e-06 1.771506979245516167e-04
7.521188542750453787e-02 2.459232169583012995e-03 4.945763294997708232e-07 6.553122162989664739e-07 1.148469512709527567e-06 1.763508146809604300e-06 1.680458886259704308e-06 1.086432759643462028e-05 5.872594739356885240e-07
6.711122769746522016e-08 1.408820341547307011e-03 3.029879223139188196e-04 1.590064053497759941e-06 7.452472382438584542e-06 9.451016791014537038e-06 2.231190356183279802e-06 7.647430284770670379e-06 3.454606401042801167e-06
7.837631760013818068e-08 1.043133421663239946e-06 2.330277476182954440e-06 2.327718398743021020e-04 2.704176093847423298e-04 1.541464923619340446e-04 2.227049072551401832e-05 3.765187363140851725e-05 1.674814705247955766e-05
5.434333219168025279e-08 3.153281231335303635e-04 3.128483120880863081e-07 8.172505420106292542e-07 3.481270171528014428e-06 3.690252015810704290e-06 4.668330420852356201e-06 1.945230813179338362e-06 2.780118165041494877e-05
