7.829143851805069948e-07 1.214002976424345060e-05 2.027057338931058210e-03 1.153436521034808838e-04 6.462967147207290862e-04 3.193684052411222842e-04 1.910766669174268943e-04 4.558809137219409701e-04 4.186522826811598817e-04 1.833928528558010046e-04 1.160906097442818613e-04 3.403249200383131430e-04 3.916402659348022395e-04 2.025482847243327469e-04 2.719423579161165099e-04
4.261654256071434888e-01 7.084223045577418209e-08 7.940618109670218201e-04 3.636560152193331375e-06 8.939464281599330070e-06 2.241611048546779026e-05 4.634226158939996009e-05 2.635346303149001493e-05 1.178973108769362403e-05 3.606905134766613951e-05 3.177503620588011785e-05 3.458520636641062811e-06 2.336067671018953232e-05 2.748733611475617824e-05 2.480668191978964071e-05
4.810908656642971792e-02 5.268777824223294104e-01 2.154290466041219182e-02 5.095681328777829523e-04 1.328980047775787671e-03 7.446636568372280631e-05 1.002918142592279125e-03 1.071099518489671389e-03 6.212804940951625584e-04 2.596659684681952758e-05 4.527159052954455600e-04 6.621791606744631452e-04 5.304103511343792078e-04 3.705675734593113189e-05 8.003338263453611389e-04
2.265533486424781919e-07 2.979422805841433045e-06 2.891496220705389204e-03 1.261520441585521537e-03 1.177915027444021367e-04 1.851327760333681971e-04 5.802690290419919799e-05 1.408780614953861643e-04 2.310315725884569860e-04 1.866782006045569092e-04 5.660598611549026048e-05 9.110818581243306272e-05 1.771399219906251085e-04 1.286698042328349341e-04 1.088227574210067151e-04
3.954387358104419724e-05 5.095262478468757378e-02 1.472275278837521751e-03 1.526192789967830083e-03 8.262431196901606116e-04 1.662675904262231026e-03 1.059725446287151191e-03 7.208291875964924374e-05 1.098543514151021456e-03 1.667608858369545475e-03 1.659879962459947416e-03 1.060848277892533506e-03 7.593978255612727254e-05 1.680405022734941583e-03 3.672204939715318674e-03
4.177285210303339585e-06 1.142809084921861537e-04 5.332500331277310055e-04 6.772309328120535311e-04 5.018942923051730298e-04 9.460857979613169154e-05 4.598828039136517386e-04 4.454746891490841097e-04 1.469792326878702096e-04 2.468388737107888686e-04 5.498710256958397238e-04 6.073467043925199343e-04 3.076278126146756776e-04 4.254133169884883833e-04 1.636152076019147883e-03
1.040641113742683670e-07 6.641669002565056394e-07 8.599409535012125447e-03 4.383110031754336965e-03 1.239290191086421739e-03 6.233570858741822515e-05 1.195512889039885901e-04 3.909931041173161470e-07 1.158927899583598150e-04 1.319962366034364159e-04 7.096483385742884576e-05 1.729173504124539680e-05 7.550597794658657491e-05 5.729198167219905284e-05 7.583724294864976315e-05
8.516126697735583788e-08 2.117984654574882677e-02 5.324953303485213041e-06 9.415316253003969734e-04 8.252633809975163488e-05 1.317834308392029456e-04 1.176751084295160312e-05 1.679429447497544198e-04 2.073387951658443287e-04 1.369600174155043582e-04 1.200260572256804007e-05 1.024900327961273213e-04 1.528685773696963381e-04 9.679564136035776433e-05 9.318128935517480443e-05
1.988434933851828679e-01 1.172500344357838183e-03 3.870554311974403784e-03 2.654684507654654461e-03 3.972147872380491287e-03 2.285387895224912265e-03 6.463317843426938370e-05 1.964918636063606259e-03 3.017137027512424227e-03 3.190924531787791250e-03 2.585901878098384194e-03 1.338789664081604762e-03 4.141664280287261153e-04 2.552214345813276150e-03 4.990981391586647893e-03
5.167882977824334770e-08 1.541635206427693916e-02 3.322243971646957669e-05 1.722289483860627078e-04 2.018934693960038908e-04 6.793880396550265035e-05 1.580643646445013849e-04 2.448837659977093199e-04 1.783194960161118626e-04 3.746129886952167317e-05 9.979360719295104110e-05 1.610054682050484156e-04 1.003734842905720776e-04 1.093271053450695058e-04 4.920333368001403047e-04
1.898490885628678001e-06 4.095428567702718111e-05 1.202131939066977147e-04 1.687011593684812228e-03 1.365448603318529693e-03 4.546128229082323506e-04 1.891066854498607184e-04 4.065738232593605023e-04 3.032685458602595377e-04 5.069635801581692721e-05 2.056230797562406129e-04 3.617011316133956632e-04 3.479560551750352903e-04 1.234335687596825484e-04 3.230387691509899618e-04
5.907615714368500553e-02 1.345729601293082847e-05 5.893684989422150709e-05 1.564853690594528342e-03 1.255864942022925359e-03 4.158238582649754263e-04 1.848729776089748800e-04 4.115456992181102552e-04 3.560246549159847571e-04 1.646434941854891230e-04 4.372548359901856987e-05 1.823227728283622121e-04 1.972344866553145328e-04 5.435289239466017946e-05 2.518547818933808565e-04
5.283437441166927188e-06 1.487306131708292906e-04 6.995316173569354106e-04 8.849618887474525577e-04 6.722112188812695869e-04 5.175924176674342894e-05 3.103178789415710591e-04 3.378205484945252042e-04 1.507238102076004596e-04 1.088656908258924850e-04 3.253362040035740334e-04 4.257190951528447178e-04 3.677285092621288324e-04 1.357726022117392028e-04 2.821115315950260653e-04
3.727895438275451400e-06 1.010768789615330393e-04 4.589336605076244167e-04 5.550903540700222703e-04 1.289089366024701478e-04 4.132666828046148476e-04 5.954175357604425158e-04 4.437843529950003820e-04 1.253101095112569468e-04 2.082439479054675163e-04 4.491809759075140128e-04 5.292572397655174359e-04 4.275297241089551486e-04 1.238979797259821553e-04 3.846965430639978688e-04
5.873403700525039323e-02 2.216596543669510533e-05 1.158361953790624366e-04 9.731688828122521786e-04 4.278686835981460566e-04 2.221043586878676426e-04 4.880949837485375523e-04 4.184356847896563911e-04 1.840413406161026469e-04 6.392812377162120920e-05 2.237979633870453488e-04 2.370954922365520212e-04 6.716512920468503504e-05 2.859919783843213473e-04 8.250320069585449171e-04
1.856285110197774256e-07 3.779207876691793773e-06 1.024375439752645102e-05 1.380971709491867318e-03 1.099520980593760586e-03 4.910724621195664127e-04 7.402960066316907086e-05 1.021969248172085407e-04 1.138725713097016242e-04 4.844979537501955261e-05 3.066092932984002608e-05 8.089713720674189383e-05 8.927010875310710991e-05 4.666803394938989058e-05 6.330228420471194076e-05
1.822631478814927617e-08 2.939585541707927213e-07 2.459631861451465600e-03 6.040806384932088284e-04 1.631602181540368508e-05 3.492665345328271941e-05 3.629682425193439286e-06 1.788220137789049409e-05 9.353711889352776671e-06 7.273120321497295797e-06 1.881597051600502642e-05 2.095254574157724654e-05 3.933922483544005287e-06 1.260986971402604648e-05 4.187098723097226158e-05
1.784022597491663881e-07 3.287072617928703787e-06 1.298436751130263057e-03 6.098183142696813724e-05 1.146511148271865612e-04 1.175502099108057456e-05 5.346213248433847248e-05 4.964004568144723755e-05 1.020782968893427991e-05 2.828117180869746617e-05 5.084587931046649260e-05 4.716560719042043367e-05 2.637089122152701419e-05 2.260905555806581448e-05 8.893422569278452885e-05
3.767287875994491594e-03 5.594478812795109814e-03 8.570651123514930384e-08 4.158807747779443253e-06 1.222507512752934238e-05 1.077556410986915230e-05 5.741198151946501662e-06 9.077483081688869713e-06 2.421502300995217362e-05 1.586056169117232067e-05 4.942020486854233000e-06 4.503296665476150906e-06 7.470645147961173676e-06 6.134382230230725209e-06 4.426682551729429268e-05
1.082233992505944690e-06 3.056719195841068817e-05 1.469177748056182812e-04 2.006924238817329998e-04 3.363823025734250882e-05 2.075996282068863204e-04 2.187059994792442689e-04 1.414205897442592167e-04 4.613650374413017663e-05 3.097490318067429137e-05 7.823922083276645535e-05 8.048063156052044924e-05 5.529312231750837690e-05 2.928344684217447624e-06 7.500292206623175584e-05
5.505215958809470816e-02 8.701261728671051474e-08 6.159855305063043457e-07 1.458340580550696356e-04 3.156133314717028302e-06 6.842381528506215002e-05 5.469033733949744773e-05 1.749901939115285071e-05 6.689843174875575424e-06 1.493735642378106467e-05 5.013576283033979780e-06 1.072547761607445183e-05 1.381440499994348910e-05 1.020500221113397371e-05 1.224991948583270758e-05
1.519811841515973729e-07 2.604781870725330489e-02 4.996909569618939589e-03 2.983428696765417097e-05 4.528205251021093008e-04 1.688638881131508370e-04 5.735686177514206905e-05 1.236910940793136402e-04 8.744974808173050919e-05 1.175204484632352226e-05 7.131534725671450367e-05 1.127179695463741734e-04 1.061586079596485216e-04 3.575440651380228552e-05 9.055410702071141251e-05
1.402324959418794883e-08 3.013374264854721729e-07 1.536195212829248009e-06 1.071296912987306182e-04 3.007573318279337910e-07 2.925205582079663458e-05 1.003062168503988756e-05 1.251350000021916948e-05 1.839761524208310310e-05 5.247068279721303550e-06 4.321016316482185476e-06 1.959054408330331723e-05 1.508741776606339282e-05 9.217006521999479665e-06 4.663224301596306245e-05
4.140886750538635280e-02 1.589751620873786858e-07 9.993319294470855874e-07 1.198563842233228482e-04 6.837023756545191194e-06 3.565906266737833136e-05 2.030529130763313947e-05 3.051725550265325105e-06 1.358046053780236057e-05 9.182531749443359533e-06 5.862922539338281597e-07 7.665849738494773279e-06 1.060135354074373587e-05 4.369669200154928191e-06 6.820331165780876311e-06
1.894300335309493517e-07 5.445100463902307200e-06 2.618974645019099480e-05 3.387332251591190487e-05 7.901171177937958332e-05 3.414523068536300939e-05 1.661099842658463218e-05 3.550412785756968981e-05 2.357008045402984468e-05 4.708435683535465904e-06 2.813960651546597985e-05 3.740928025855387275e-05 1.876632453192413365e-05 2.436989626794983430e-05 9.606029279020940716e-05
4.578525718443209555e-07 1.337722259790608144e-05 6.103898712305650678e-05 7.418016235410919911e-05 1.057582353722748926e-04 3.981596647386075771e-05 2.220659559824513857e-05 4.316325535536968212e-05 2.986924733853050078e-05 4.264789124621159919e-07 3.305016723355722654e-05 4.721781982695144180e-05 4.392254321158940890e-05 8.598465814830025163e-06 5.246589529886266825e-05
6.060101527064502342e-07 8.495722947446335700e-06 3.984583982434703045e-05 4.304470253384707224e-05 2.353639912074089534e-05 3.987835105377875899e-05 6.485899656365776231e-05 4.522407025439638883e-05 4.062992421573850563e-07 3.214018467550285019e-05 5.004507079113425905e-05 2.366825443548562435e-05 4.392391283214229866e-05 1.530063441497949979e-04 3.028662900523267716e-04
3.115822348315726824e-07 2.521390424470023774e-06 7.886753563404102298e-06 1.798544473321521582e-04 1.478945880957981650e-04 3.671742866093631060e-05 3.740281139846642679e-05 5.592993909853198983e-05 3.874604444370981200e-05 8.204463055986361707e-06 2.223226497172236561e-05 2.761569604987149706e-05 1.212017010721601172e-05 2.912205651240864430e-05 8.829720147346898295e-05
2.346631105260556256e-07 1.275136896233876264e-06 3.652739014672557122e-04 3.164830214554586649e-05 5.707766618150144510e-05 2.052481701554993951e-05 1.924523311666532431e-05 2.723345810323497072e-05 1.611281564040095078e-05 8.597123691905685631e-06 2.488313894335441654e-05 2.947685512397447895e-05 2.598894812189769978e-05 7.797940178593130766e-06 2.274045936882583446e-05
5.035767076078605215e-07 4.267661245605074323e-03 5.705331015366486711e-05 1.393758919268028819e-04 1.485360173438259558e-05 7.169811555743878435e-05 5.699234644058068992e-05 1.320000881186977295e-05 3.428636409129253251e-05 6.949501288210300208e-05 9.247957509803377690e-05 9.474199287990167455e-05 7.165232990238176399e-05 1.886669122115605942e-05 6.819690384685000756e-05
5.386363504352863726e-07 4.154605823782407985e-07 5.679297126476083547e-04 1.535190865688872770e-04 1.617230060308582245e-07 1.565670195538861867e-05 3.628283890498799343e-06 5.195152282936996054e-07 2.221167571374990174e-06 7.498088384799952365e-07 4.196019575876094332e-06 4.820213486283947289e-07 8.560054536158794790e-07 2.383624005239756568e-06 1.723661531078216517e-06
3.210327725553354535e-07 5.941887573840554798e-03 2.257737857587291820e-05 3.802040259888565549e-04 1.227809871314231114e-04 5.893662175740401187e-05 1.241743249640579489e-04 1.100333299962048768e-04 5.261196146539222780e-05 1.055882204264682288e-05 6.310419590269930644e-05 8.886846609259762652e-05 7.505897248659488597e-05 1.109509688829262915e-05 1.062124232717988554e-04
3.664268747854845859e-09 1.301016425085802387e-03 5.722595025239245637e-07 1.585557863603357075e-06 6.254395270950971291e-07 1.115835551948709379e-05 9.122547793069004756e-06 2.438165500102822186e-06 9.370854948923717362e-06 1.155295620535646241e-05 7.145290590208659760e-06 1.300471548152722583e-07 8.862871587577631410e-06 7.739290392379418712e-06 4.404119301177623158e-06
2.746679161899272013e-07 8.144625288780099723e-06 4.418339382655430152e-05 6.576055847873131272e-05 1.550248383783478563e-05 2.724471062381411503e-05 2.526368246433952549e-05 1.128273507830304633e-05 1.131957377380349000e-05 2.388472461794606045e-05 2.354394758022073533e-05 1.465927300355923909e-05 9.820019762176964142e-07 1.297851495992049365e-05 2.448601237512197651e-05
1.880670030146990625e-07 3.864719105571266106e-03 5.737591568699652937e-05 1.366001045881137907e-04 2.324339118568749830e-05 1.132949285567704721e-04 1.153380116032338217e-04 6.315688636955592132e-05 7.227391620779751560e-06 7.507579256125780209e-05 1.133545227416191961e-04 1.026399694501570778e-04 3.535202342681211543e-05 9.988227146269541151e-05 2.948891690400425990e-04
9.190060338145959309e-08 3.201820183326461363e-06 1.868077252357464187e-05 3.114067372373504114e-05 7.471980745124566067e-06 2.211574174352178520e-05 1.110110356280799691e-05 6.196422638024396072e-06 1.646166965203615126e-05 1.435914679951052658e-05 1.384892955918602395e-06 1.180723103111857172e-05 1.633866338570738475e-05 1.257591773114663686e-05 7.566284397150326248e-06
3.843660745760864230e-07 2.916674814893776113e-07 6.183238966620292353e-05 6.017604632079573814e-05 4.972541192307022086e-06 9.509436355548436698e-06 2.477563768334632722e-06 1.293323708509562648e-05 1.584012846232730738e-05 1.227404695443939537e-05 1.136332678913242745e-06 8.901109711972755896e-06 8.601494702664434018e-06 9.228170594258582071e-06 4.249924213883402908e-05
5.573131819786292602e-08 1.049020974371395035e-06 6.644300013353058416e-05 1.848724144446647522e-05 3.222153253565639602e-05 2.598723796722730739e-05 4.396032266017792640e-06 2.221097009965693217e-05 2.589224607494408777e-05 1.528396871042882050e-05 5.981358379967456180e-07 1.509533060912753488e-05 1.991917357425848214e-05 1.214757142302437565e-05 1.596301068991561679e-05
9.814145723023065747e-08 3.089664439871575140e-03 6.314502027508572075e-04 2.574166197292558856e-05 5.963120391038246763e-05 6.105710323033068284e-06 5.307531040343184918e-05 7.342842802203132675e-05 6.123062006898498996e-05 3.209180016039515156e-05 9.671651175693207211e-06 3.703818705052568301e-05 3.788612643962856576e-05 1.770246733889019290e-05 3.888633957214862532e-05
1.469645674770918009e-01 6.585173612198783576e-03 2.679309612055253809e-07 1.848825515140792612e-04 1.735364160658088133e-05 2.973688311044769903e-05 8.695124244932658070e-06 1.397485997097172305e-05 1.785399290879612349e-05 8.653667619479078662e-06 8.788873559066464290e-06 2.000747023838055931e-05 2.674624957831704940e-05 1.279693480469735362e-05 1.459159666683571548e-05
3.980453762823795584e-07 1.023757117017576540e-03 4.264131959065964854e-05 9.056351541786446897e-05 1.932590395944459275e-05 6.524307209039319677e-05 1.030355955207307427e-04 7.918143992450130044e-05 3.448871234012434539e-05 2.024494779135344499e-05 6.249195768349878274e-05 7.903105059053428059e-05 6.352566986019681080e-05 5.208711517987691189e-06 8.707733751236066354e-05
1.390341127199164716e-07 4.269699718881422485e-06 2.100650017545082298e-05 2.647029058247497838e-05 2.022468780152101652e-06 4.000235915029088838e-05 5.628167706871313274e-05 3.656876460803131477e-05 9.920485152844327165e-06 2.131750961948211833e-05 3.505648936659782683e-05 1.941907325025451337e-05 2.150431546935362544e-05 9.767217947357546923e-05 1.962801498276360948e-04
4.848890974345839572e-02 6.356465021216819364e-06 3.428858874344735299e-05 1.982991551665783776e-04 1.165338364075840658e-04 9.117896827637109395e-06 8.319818319908532211e-05 8.412113415206675065e-05 4.119338997961975404e-05 1.118956373189360644e-05 5.593410653212920462e-05 7.687773510459244820e-05 6.745191718367899662e-05 2.284693564338654388e-05 5.618877954964153178e-05
8.463088111860897489e-02 1.070658997568782293e-03 2.008140150908875771e-07 1.132957547634046987e-06 2.521217248198352236e-06 3.065898646051960716e-07 3.430154288109434523e-06 9.107249494560325839e-07 2.552777840142914594e-07 5.639153871726284378e-06 2.957544416934770979e-06 2.012835094012935948e-07 4.811037803162594953e-06 7.375276206644095512e-06 1.932171968674610353e-06
3.994025305468972603e-07 4.883120315088307350e-03 9.735478453267639451e-04 1.968281272435039618e-05 5.636346924511768605e-05 3.115857604211519420e-05 8.682757257326249867e-05 8.218769422178677769e-05 4.322712301289618618e-05 1.043012655016254287e-07 2.874974390293279632e-05 3.599630893150284862e-05 1.253364374544735317e-05 3.740365969360943266e-05 1.132920346739786258e-04
1.762135456935747799e-07 1.131150176948777186e-07 1.670907185436994223e-04 7.709175967061026379e-07 3.089750649761598307e-05 7.086341050033551679e-06 9.105342476402914317e-06 1.156945042155208885e-05 6.333782009667646288e-06 3.834115464624843116e-06 2.128159392345797268e-06 1.964148092894800877e-06 1.649955713100882099e-06 4.995978272034723333e-06 3.586777242939926139e-06
