1.262674650670566017e-07 6.944686603131071390e-03 5.799299085256493930e-06 2.786727329024782943e-05 3.768764239566757161e-05 4.395368091517049772e-05 3.062906408813107043e-05 1.500756612081717845e-05 4.415675337182224181e-04
2.230426009548366665e-06 1.241971737854553751e-06 2.646944531918935333e-06 1.861920569769652555e-04 1.581553886524695021e-06 1.721460796352860243e-04 1.289761063499056273e-04 1.882092501261344558e-06 2.021364909864095059e-06
1.012166985767705571e-07 2.335668871578679658e-07 3.853366883679701234e-06 7.803725645737405296e-05 3.026224473142854306e-06 3.154600410110523237e-06 4.558266679317096254e-05 7.396633976852720823e-07 2.547283208612214538e-04
1.256357386265908845e-03 4.876908139701030552e-07 5.134058660130576765e-07 5.585629144266317311e-07 2.326559948240982089e-05 2.152025933583507115e-05 8.796790933965645123e-07 2.931203162734950290e-07 1.990378909766822817e-07
1.530155268079813928e-06 1.305062094816582132e-05 3.927133738537167372e-03 9.611695786511581031e-05 1.004480544649712570e-03 4.022563745442613611e-04 4.071747219974597583e-04 6.093512426278440862e-04 8.865667528360309641e-05
8.451464473105661552e-09 2.118780886815311413e-08 4.742414347422951437e-04 2.504417862218883768e-09 4.863294730071362347e-07 3.834381928048668229e-05 1.205422801682502885e-08 5.795874281024239167e-07 2.588072415777645241e-04
1.308830004232894901e-07 2.522786871789612891e-05 5.251875196053212326e-03 3.441327493068170921e-04 6.089074272389787901e-04 1.887363833910641253e-04 6.022442929147887132e-04 3.136251403487429830e-04 2.752170398074504313e-03
1.612165758785563500e-03 2.848384801236292078e-04 1.412456562878973984e-03 1.377054488504883848e-03 8.228186189920526101e-04 9.173398928726976325e-04 1.920092267451007717e-03 1.377233663113416450e-03 8.427303065557453917e-04
1.807237543193894083e-08 1.607135663874630453e-08 6.245727644689742309e-04 1.203978833567814109e-07 1.064911346137691727e-07 1.333979371628093752e-04 1.103487949316701665e-04 3.577513370169861506e-07 2.678661965074517155e-07
3.688896749207159944e-09 4.337000130678244890e-07 8.368652368070780116e-08 1.908165887288875101e-04 3.211443346022031304e-07 8.517250083834454217e-05 3.312258072821939685e-07 2.698067476481966321e-07 3.641105882332300379e-04
4.005788150623228384e-09 8.561059662083641614e-07 1.573727180925423979e-08 1.753300566364438412e-07 7.740800956774447964e-05 2.127619857809816702e-07 1.010699912685961873e-08 4.472914019125270738e-04 1.661925979277370210e-03
1.770677482713217725e-07 1.069714087241050923e-02 9.593474650324898548e-09 1.757882195315334868e-04 2.956832542340120585e-08 5.532413379453183910e-08 1.086059241254841547e-08 3.791116247487864555e-08 1.202873776743434140e-04
2.202392564865795765e-01 2.574549859231110809e-08 3.753614242908026870e-04 2.450678855096881247e-06 1.144904900656126530e-05 2.049831185732072821e-05 1.633377925003084652e-05 4.853947022622578449e-06 2.495567090340692577e-04
3.237909415183983401e-07 1.274719752217989457e-07 4.641469966539658084e-07 8.558914096923761120e-08 3.436891716201264713e-04 3.061546138618932256e-04 2.895075188225755584e-07 2.083549778180626894e-04 1.739020200431383664e-07
3.605552151302012152e-09 7.563190105381403809e-08 6.501733006080316007e-08 8.459949344275320433e-08 4.424591273910801567e-07 1.449920172504701600e-04 2.402591005927834413e-08 8.761113030004795800e-04 2.761369512186250073e-03
1.433589433172386262e-07 1.012497656751505833e-03 7.405941863368330257e-04 2.993518811501815732e-06 1.288275067011233321e-05 2.248155648897587911e-05 1.855743933868509354e-05 5.993184060338283624e-06 2.476797621991035808e-04
1.339924402464729633e-07 9.263813432298784046e-07 1.220688863489546513e-02 2.594571373943273425e-03 4.428090327558839649e-05 1.301613297011490890e-04 1.328403359955456311e-04 4.578902115933597991e-05 1.033586092178228341e-03
1.481369513779033847e-08 2.511315156411024983e-07 2.818154185121878730e-07 2.835845130343392069e-07 2.779248802691067699e-04 2.360264190799695860e-04 1.914653116894689413e-08 1.440013727410251036e-04 4.404403691738118957e-09
6.064846053878749590e-08 3.427937043684249781e-07 1.233254917052467012e-08 2.326087973458160609e-04 3.233275546544624869e-07 6.257388950364269769e-05 9.045000689432216263e-08 1.760036402969290772e-07 1.986064133476551647e-04
1.043855463501057030e-07 2.671969468405264600e-07 3.056596141352354592e-04 3.477014076755456217e-04 5.013301479286796777e-06 1.035040837264960092e-04 2.933777609742000016e-05 4.185138142251878927e-05 1.666119870890992070e-05
3.462088607332658561e-07 4.643699979272943463e-05 1.898137628590120646e-04 2.364478403975027356e-04 2.674722008195053288e-04 1.177675286834223436e-04 4.784846294192144972e-04 4.854968843572234939e-04 2.748851436841007992e-05
2.205341975143873407e-07 3.999632911644860006e-06 9.872352153270004554e-06 9.055951038688001497e-05 2.295313719747323967e-05 9.153736021590373740e-06 3.589644322697621543e-05 2.045256240699560492e-05 2.358208936751990848e-04
1.185746371274612881e-01 4.573748690310661565e-07 2.041268597139387484e-06 7.014250437043730203e-06 1.043168508804229290e-05 5.597731277880261684e-06 1.171419065014349773e-05 3.125024462319633547e-06 3.296203252669469040e-07
1.653990458510518347e-01 6.491720353914743347e-07 2.241236384616677344e-06 3.749981998589482692e-04 1.207430343521940960e-04 8.765943222519837340e-06 3.037524632904946415e-06 2.410198115332517631e-05 1.389113758360244068e-05
1.210724078674307359e-08 2.565638323673289597e-07 2.090493241896807387e-07 4.567655822575070694e-05 2.009463332175782748e-08 2.944962876731951853e-07 4.607913860755173520e-08 2.637375994135582167e-05 8.339064607692026130e-05
1.357053263011415156e-01 1.815501935013642897e-06 7.710492244449164995e-06 9.480668180389006559e-05 2.093109084008530133e-05 1.439070440113384296e-06 3.908182927830439277e-05 2.260823015582488391e-05 2.519040438921716957e-04
3.117700758010154994e-07 3.726385791078137343e-06 9.660376343402031615e-06 1.254082616783006292e-03 1.277338267085802084e-03 6.757392228359346709e-04 9.066921500881856529e-05 1.510551322722370642e-04 6.633643567389548913e-05
1.010218511520940828e-13 3.201476642115755321e-14 2.987289470766964187e-07 8.620752303873486007e-15 1.406647117735234376e-07 2.951107558416415475e-06 5.869762659577570879e-06 4.029936924475705220e-16 5.725220287048736337e-05
3.263229248450198995e-08 6.520192425437893167e-07 1.173006335990363011e-03 5.022808834926906534e-06 4.002611703456338205e-04 2.750854654462257234e-04 4.341054610692025032e-05 6.898085185983495729e-05 2.879580462333430782e-05
6.351336630811489636e-02 1.549674959290002768e-06 4.954755587514933111e-04 3.736800229898410152e-05 7.991220803235272725e-05 1.466834404608190271e-05 7.191965770500710197e-05 4.250262648587668557e-05 3.665833342969581948e-04
5.921327261849258783e-02 1.588987456858645530e-05 9.058772549718158238e-05 1.213062410739975907e-04 9.155175312153713022e-06 1.627887880333023229e-04 1.620653895789582867e-04 1.063365413776930208e-04 6.545645489438474667e-04
4.224858517408151826e-02 2.250212708063854602e-05 1.346010293253446777e-04 1.992861122367881846e-04 1.120248726239188943e-04 7.779513438671189216e-05 1.124833641031388882e-04 1.031410705675549672e-04 5.825991717316739626e-04
5.803721923643665339e-08 2.788705871869047559e-05 1.248585858348597792e-04 1.760805672159524923e-04 2.913044845726294331e-05 1.617555582552512156e-04 8.410995635488374429e-05 7.891114215192231727e-04 1.926120911661887824e-03
4.553238438442137881e-02 5.531047448574371965e-03 1.030540902907781700e-05 5.208002581071676657e-05 6.554622829696763299e-05 1.975326392770320797e-05 6.222993920863068484e-05 8.223709829969603894e-05 1.871167446705927087e-05
4.114468534186575681e-06 4.297354305364072436e-04 1.340349276504051925e-04 2.109613363558881984e-04 7.257940729278112343e-05 1.786210384257331456e-04 3.029864233275581095e-04 1.966334862111725733e-04 1.494696727820439715e-04
2.360374150647382118e-06 3.196004884956019229e-05 1.298842576922827738e-04 1.519430564645705734e-04 2.239519757157115525e-05 1.432037311364855331e-04 1.448977712638221547e-04 9.146617626310230736e-05 5.672863284108494754e-04
2.884770253644523279e-09 2.452075510308278438e-08 1.038826522382188793e-03 4.577575731312223738e-04 1.176582510875757569e-04 2.474804946630073876e-06 7.536865846286414645e-06 7.821315150981451235e-06 2.737690577483726197e-06
3.361944865560271901e-09 1.529512005487440813e-03 5.880857573776157926e-07 3.287575550695786015e-06 6.739990001796659363e-06 5.972818343242194627e-06 1.934821957376718766e-06 6.790491711319219842e-05 2.100697340048078999e-04
3.786195626845003719e-08 2.270740010908930268e-03 6.809801498609983087e-07 1.359463745129242153e-04 5.311605228881360999e-05 8.030840762787966902e-07 3.218265770173368043e-06 4.411590376494710506e-06 1.985802649515953902e-06
4.451783787319248814e-02 7.214479710400908442e-04 6.164635585961178249e-08 3.355032609338166874e-07 4.452194779769442324e-06 6.744270973842256749e-07 2.248403225653447050e-06 1.833663683676147004e-06 3.068467596327218266e-07
1.121654796523689960e-09 2.358468810239552384e-03 2.936278539308476089e-04 5.601323452249299797e-07 1.867516854386247718e-06 1.777450877121345186e-05 6.201385614774643973e-06 7.748784480107582354e-06 2.855964878071722646e-06
2.455095048647414946e-09 6.372581562178241885e-04 5.897742575893237588e-07 3.239064039218775622e-06 6.094364187471634980e-06 4.146245044250047225e-06 2.216459000954754921e-05 7.036718988048016349e-07 8.136553190164367904e-05
1.977579385633882608e-02 3.789784981943363710e-08 2.237849491001635142e-07 2.587038349893093977e-05 1.788018691878345435e-06 3.457430557000198966e-06 2.146904283747116636e-06 1.315485931661069662e-05 2.916835919942225823e-07
5.123374766450477633e-09 4.963779961627457112e-04 5.969727642637705586e-07 3.338647559374188174e-06 6.839391260047733018e-06 6.061737534846578001e-06 1.962331554250561394e-06 7.011976971697618912e-05 2.302845389001218531e-04
3.992464123926175714e-08 5.165888731934074106e-07 5.243751970984451561e-05 6.937252929455296603e-06 1.248827781949818374e-05 1.598595616308277866e-06 1.268021248941582207e-05 6.652761667880968510e-06 9.797613682171996781e-05
9.332811515285285971e-08 8.940198370636678125e-08 1.453259679658713255e-06 2.632230754415958927e-05 8.409171988370716169e-06 6.631209218766056929e-06 8.232031489259632014e-06 1.515433925099825944e-05 2.017256016285264444e-06
