-37.428369664646596 193.30042586590267 -5630.86721789613 24335.355467624704 0.0 0.0
-32.53050894892109 -232.65727597606713 8323.621897728288 -186345.97223472138 1548959.8928739466 -4538025.4183940375
-31.83086727530183 -293.53198049390335 10090.79385178681 -204840.5188787538 1630504.2525154818 -4679466.606428588
-33.467733935656305 -145.17039423569494 4580.926154121222 -100998.99151374848 698023.7373462523 -1479092.0124067434
-34.21656528886654 -81.38908372819112 2317.785347708257 -59903.464629234666 362207.05777327024 -508117.35574435577
-34.23592900286529 -78.61221779365152 2031.1947084188369 -49371.380111651066 238096.6358087945 0.0
-33.317596276661014 -163.01297311471822 4985.375075685825 -99076.60919168679 668970.2773484834 -1520799.4739486347
-34.48144542396687 -63.20754610896834 1533.9744692849486 -39440.1918239225 180934.31594520144 0.0
-33.380047816964066 -154.39840781050694 4428.989398826898 -83490.76379315837 521217.70869733405 -1056638.0504913074
-34.46756344769445 -67.21467603763209 1601.8875691093358 -37415.23754444171 164391.81562391057 0.0
-34.39171289124727 -75.73691273744923 1884.457876007337 -41144.56390839904 198268.41570007277 -139239.57754551314
-34.51425081640563 -66.42273478331755 1544.904032326421 -34387.95232653501 145683.54293979044 0.0
-34.67598891182287 -54.25169053146524 1129.9770169436906 -26796.86785020334 88994.547625658 146780.25167186873
-34.66728665688849 -57.27819980701611 1255.820960597743 -28821.49318631289 116769.36588917379 0.0
-34.839027292567074 -43.38730391464884 750.0615705492525 -19115.25128147965 35242.947115935094 260963.64265053946
-34.65496852285648 -60.65442905546644 1324.9263392392363 -27962.61044799304 110545.95114489683 0.0
-34.84540295317305 -45.326212358696985 788.5003936396632 -18314.366614003993 35337.883931757686 216478.71171760967
-34.73533209269338 -56.63778319406929 1180.6153262317814 -24562.93659475567 92983.52614180456 0.0
-34.81042648550282 -50.95911866319423 958.7186674571752 -19902.62762623185 54779.04291805922 116405.56097454547
-34.75781802522422 -57.16047932232877 1171.419042754915 -23055.330836968817 84929.387990493 0.0
-34.772490281605904 -57.0756274355952 1155.2932381904714 -22176.449765484198 80333.35600171528 0.0
-34.81346162474099 -55.218885421955 1096.337184288631 -20882.66346735637 74317.80594725032 0.0
-34.860953661414726 -52.699818138828036 1012.5223601318419 -19172.201259004676 64782.42445069207 11947.528844503924
-34.91993788747662 -49.20551956929353 895.0264760860463 -16885.407541737564 49980.19074749422 43699.98191872508
-34.91573639613352 -51.085949484951165 957.370298489284 -17574.264125741633 59158.010027756354 0.0
-34.95865953626129 -49.205128316700446 901.4221390683706 -16443.678348452 54282.199850684476 0.0
-35.141174565542784 -35.54114977135513 456.1103826554895 -9050.120856342119 162.25322640380608 151026.21414534276
-35.142612948902844 -38.48945854012257 606.9655416009109 -12137.371248770083 35989.64651642806 0.0
-35.123125420536184 -41.47251151753011 689.418482559675 -12769.066061504122 39207.1277680571 0.0
-35.22086134817368 -35.834051039943255 536.9164285985396 -10610.033783245528 30137.655405721973 0.0
-35.514141150552305 -13.307546475788607 -194.88178239860932 1407.0757571397241 -62562.54895935255 282895.49888483965
-35.651092749053305 -4.125573771304007 -476.9703709929829 5909.751058710989 -93234.51786463485 363097.79183370096
-35.64949615938307 -6.398524200000562 -391.1417047150915 4656.861525924434 -80281.76359111702 314897.24980165134
-35.92680631532494 14.255175111184485 -1044.0554444825125 15020.598756265545 -156584.62124401063 534306.5350464581
-35.651147958344 -13.73235674340423 -22.7520169364486 -2837.982373176199 0.0 0.0
-37.42849374112275 193.33686271669126 -5631.9664214499835 24343.76791838295 0.0 0.0
-32.13958239395966 -269.7302228309388 9708.647935175795 -211791.7074944141 1778591.3989449332 -5351926.923924374
-32.238592228131495 -257.4140265505652 8840.164513121685 -183717.05076080997 1456879.2867645163 -4125760.0248227967
-32.43138024230101 -239.94668497345242 8009.064769371291 -162276.99401314463 1239059.5183194359 -3365527.5224939277
-34.19200010984863 -79.96033738524247 2105.8293194681223 -52657.693868944196 261315.6429217993 0.0
-32.71645328276874 -213.15079956008935 6732.635906310487 -130413.30161076986 927203.2943586415 -2312491.620595216
-33.39260673772649 -157.3529401509995 4818.807388133477 -96688.62947059004 652271.9006974755 -1475149.7523632525
-34.33329342230624 -74.87844063437514 1874.832439826024 -43810.547022891384 201669.13127007728 0.0
-34.35655345266066 -74.45680949508584 1833.696895857118 -41713.786751021675 187695.56609248015 0.0
-34.4184785616478 -71.11871471957211 1716.896802520827 -38900.42357784059 171480.31064037996 0.0
-34.46602873806503 -68.8836545306546 1634.6087845384277 -36648.812504948335 158401.2743675276 0.0
-34.652402302031184 -54.8762760820584 1168.4483133050296 -28412.336543766647 99566.1844455835 138299.19609946088
-34.641645912282385 -57.99096951439794 1290.8891004179134 -30211.770043173812 124683.78868030646 0.0
-34.67976883162266 -55.32218252091926 1152.3604803405772 -26327.317454478965 88496.97229752206 122494.48059121228
-34.80806947155446 -45.78077984993148 822.6041049314937 -20193.183015198563 43096.52872292438 238523.66901066265
-34.70514397264534 -55.96419397847799 1152.8456622872761 -24875.65565564566 83605.9779542111 90796.0161612703
-34.90113929262957 -41.21999110911913 670.3453784537128 -16652.985240399248 23903.704951940523 247345.55134870307
-34.74067254610728 -56.24977970548583 1170.2540501432397 -24442.479173662105 92469.13649355093 0.0
-34.76917351690171 -54.663879126377054 1088.2049785191982 -22096.612778921815 72742.2535465684 59640.85021771844
-34.85592454343417 -48.80061948980907 891.9325263586979 -18480.712537012132 48348.02142502875 113975.74116913929
-34.81587650034672 -53.92972195836282 1071.467020160005 -21204.513889753434 76195.09507985513 0.0
-34.83963893932461 -53.298099261807806 1044.5089506909515 -20274.241575664724 71701.68293019869 0.0
-34.86358225630944 -52.446355288987014 1002.9535122958794 -18997.176818614706 63246.78118752569 17094.263131023068
-34.88741308640243 -51.98461219663347 988.5784300271561 -18435.309474362068 62612.90927904424 3187.7314687022836
-34.923120813417576 -50.59478774135107 945.5178563465121 -17451.573584417903 58699.66330853165 0.0
-34.97194167908894 -48.334414481004906 880.5816524824131 -16228.171991620575 53471.76804775413 0.0
-35.008372212415416 -46.88022349301763 834.9205667124752 -15224.905289995908 49150.71624760116 0.0
-35.18888587677799 -33.75744726929627 417.0507483010394 -8402.6328754058 38.411135247424625 135387.5723642693
-35.208573601962016 -35.30679726928289 525.6571203152076 -10870.62980519132 31088.884589813584 0.0
-35.18391434442811 -38.59011423357655 613.2749391007371 -11541.547696060983 34358.827517753525 0.0
-35.47543927390249 -15.8175990667478 -135.5504017212484 802.1215501604969 -60320.709748586 282842.2541831666
-35.50352014315749 -15.804295260594166 -115.32830696367587 435.670086552941 -52731.91939355171 245902.6065337479
-35.85643506881699 9.943172568363265 -896.9901305025738 12327.966527571665 -137248.6629844501 480526.86490695726
-36.017000641911636 20.453031271207873 -1205.746682388961 17003.789149893164 -167884.7181226498 557745.6499985327
-35.65841157193674 -13.376960568243161 -28.47244655363253 -2807.7590204294393 0.0 0.0
-37.42849374112275 193.33686271669126 -5631.9664214499835 24343.76791838295 0.0 0.0
-32.13958239395966 -269.7302228309388 9708.647935175795 -211791.7074944141 1778591.3989449332 -5351926.923924374
-32.238592228131495 -257.4140265505652 8840.164513121685 -183717.05076080997 1456879.2867645163 -4125760.0248227967
-32.43138024230101 -239.94668497345242 8009.064769371291 -162276.99401314463 1239059.5183194359 -3365527.5224939277
-34.19200010984863 -79.96033738524247 2105.8293194681223 -52657.693868944196 261315.6429217993 0.0
-32.71645328276874 -213.15079956008935 6732.635906310487 -130413.30161076986 927203.2943586415 -2312491.620595216
-33.39260673772649 -157.3529401509995 4818.807388133477 -96688.62947059004 652271.9006974755 -1475149.7523632525
-34.33329342230624 -74.87844063437514 1874.832439826024 -43810.547022891384 201669.13127007728 0.0
-34.35655345266066 -74.45680949508584 1833.696895857118 -41713.786751021675 187695.56609248015 0.0
-34.4184785616478 -71.11871471957211 1716.896802520827 -38900.42357784059 171480.31064037996 0.0
-34.46602873806503 -68.8836545306546 1634.6087845384277 -36648.812504948335 158401.2743675276 0.0
-34.652402302031184 -54.8762760820584 1168.4483133050296 -28412.336543766647 99566.1844455835 138299.19609946088
-34.641645912282385 -57.99096951439794 1290.8891004179134 -30211.770043173812 124683.78868030646 0.0
-34.67976883162266 -55.32218252091926 1152.3604803405772 -26327.317454478965 88496.97229752206 122494.48059121228
-34.80806947155446 -45.78077984993148 822.6041049314937 -20193.183015198563 43096.52872292438 238523.66901066265
-34.70514397264534 -55.96419397847799 1152.8456622872761 -24875.65565564566 83605.9779542111 90796.0161612703
-34.90113929262957 -41.21999110911913 670.3453784537128 -16652.985240399248 23903.704951940523 247345.55134870307
-34.74067254610728 -56.24977970548583 1170.2540501432397 -24442.479173662105 92469.13649355093 0.0
-34.76917351690171 -54.663879126377054 1088.2049785191982 -22096.612778921815 72742.2535465684 59640.85021771844
-34.85592454343417 -48.80061948980907 891.9325263586979 -18480.712537012132 48348.02142502875 113975.74116913929
-34.81587650034672 -53.92972195836282 1071.467020160005 -21204.513889753434 76195.09507985513 0.0
-34.83963893932461 -53.298099261807806 1044.5089506909515 -20274.241575664724 71701.68293019869 0.0
-34.86358225630944 -52.446355288987014 1002.9535122958794 -18997.176818614706 63246.78118752569 17094.263131023068
-34.88741308640243 -51.98461219663347 988.5784300271561 -18435.309474362068 62612.90927904424 3187.7314687022836
-34.923120813417576 -50.59478774135107 945.5178563465121 -17451.573584417903 58699.66330853165 0.0
-34.97194167908894 -48.334414481004906 880.5816524824131 -16228.171991620575 53471.76804775413 0.0
-35.008372212415416 -46.88022349301763 834.9205667124752 -15224.905289995908 49150.71624760116 0.0
-35.18888587677799 -33.75744726929627 417.0507483010394 -8402.6328754058 38.411135247424625 135387.5723642693
-35.208573601962016 -35.30679726928289 525.6571203152076 -10870.62980519132 31088.884589813584 0.0
-35.18391434442811 -38.59011423357655 613.2749391007371 -11541.547696060983 34358.827517753525 0.0
-35.47543927390249 -15.8175990667478 -135.5504017212484 802.1215501604969 -60320.709748586 282842.2541831666
-35.50352014315749 -15.804295260594166 -115.32830696367587 435.670086552941 -52731.91939355171 245902.6065337479
-35.85643506881699 9.943172568363265 -896.9901305025738 12327.966527571665 -137248.6629844501 480526.86490695726
-36.017000641911636 20.453031271207873 -1205.746682388961 17003.789149893164 -167884.7181226498 557745.6499985327
-35.65841157193674 -13.376960568243161 -28.47244655363253 -2807.7590204294393 0.0 0.0
-37.810155578362696 216.55422569422288 -6147.900018943672 29317.307029916785 -17576.03069502789 0.0
-31.970660333620824 -283.5682859915763 10150.971156063319 -218682.17121749002 1830896.3827215263 -5506709.630943185
-32.76337400575354 -211.84660639831262 7289.11599693386 -157905.8076976669 1247455.0189165391 -3465250.847283872
-32.54334811085864 -231.0937600045802 7734.176303143482 -158090.64698132753 1207824.2513632777 -3274284.877887743
-33.42740435702583 -152.7339795124973 4848.749695672378 -103817.74133739113 733412.9753255771 -1724028.680828529
-34.220169336340206 -79.90502169826762 2069.964154739036 -49876.25222937065 240511.10487010176 0.0
-34.36654068149643 -70.65232779864328 1781.8765317106281 -44386.91159806908 209452.77471996675 0.0
-33.65737971025753 -135.1345578036354 3992.847894193757 -80511.42182912717 515269.92900955945 -1057487.4591402104
-34.47680790608731 -65.17410304402381 1568.5323861227455 -38392.63782683519 172304.7926349522 0.0
-34.20113868606094 -90.67911175651082 2411.5373158686134 -51060.89629350913 276383.29304562835 -356730.32568952936
-34.516269533019745 -65.084267120885 1529.0694841307804 -35375.410447604845 152778.1424517533 0.0
-34.51219020655588 -66.52746066789203 1546.7108338099158 -34400.20614148524 145709.64329649933 0.0
-34.653714548481986 -56.05656568474362 1186.8963020433093 -27669.533761969225 95505.07143404022 127849.01205946377
-34.80422358946456 -44.73091651668499 798.9349234965496 -20556.033115987855 42473.38977229617 265470.0542824709
-34.635602460250844 -60.80216980833257 1335.4345546518018 -28751.471241456868 112718.88102741847 18422.38832465334
-34.698005759286396 -56.52855321943284 1170.2430326324402 -25137.43073213606 85530.6742681075 85260.51168032447
-34.696631887090604 -58.54828680888485 1249.9135763072566 -26207.6465763207 101441.10481037026 0.0
-34.869398398485636 -44.84196150145382 770.4104998882516 -17516.647984119903 33204.55951627324 200376.88815217224
-34.75002850616211 -56.681447939882254 1170.6747652169402 -23734.530832663484 88573.8524754339 0.0
-34.861571430286986 -48.340186510162546 877.5235815249962 -18262.660895746667 46744.5145586695 118573.80419829513
-34.8668109695492 -49.30257532054806 905.2364624521852 -18255.187145957647 50371.5884340103 89215.5899510981
-34.83628768170649 -53.537953552321746 1050.6810450333724 -20342.18610376062 71973.17243678782 0.0
-34.852884694354955 -53.40050518914871 1036.5998989882562 -19583.14282989526 68283.97409490371 0.0
-34.88585529504516 -52.149784372000184 994.9310986834682 -18549.599215610844 63589.15669160907 0.0
-34.921625468606265 -50.69086687520159 947.7583229772697 -17473.952917413506 58780.45753836912 0.0
-34.942296673474466 -50.30185397180506 928.5832301872318 -16738.286298241404 55463.60963433452 0.0
-34.99536016387543 -47.708007039787674 854.0836207512842 -15415.519650785298 49837.537845408835 0.0
-35.20860605955519 -33.371926223332146 459.55230983892454 -10266.798699315847 27160.75838992413 0.0
-35.41076633949388 -17.246369803467594 -108.57933616749307 64.03174816609437 -61406.29700801452 307168.177175854
-35.1569893592425 -40.36444798092997 655.8621890359103 -11981.548042475903 36002.85532880868 0.0
-35.49106372047584 -15.210502573425948 -133.7757545686062 452.45020174042935 -55304.8006989675 261404.0081648345
-35.364216446649564 -28.614875264968443 347.176088029929 -7768.218373752596 18840.690208356562 0.0
-35.519706931766734 -19.36715259095499 111.40510269586926 -4825.655920521908 7075.74484106083 0.0
-36.231578106029524 38.85152061653722 -1821.5770055921419 27040.61341304769 -247374.58487796184 802143.2209826479
-35.70588327865633 -10.545434699191235 -84.06632702892887 -2448.294020831623 0.0 0.0
