-34.48413315834248 -6.685388257949581 707.5160909441478 -87141.85143852347 1028566.9832989429 -3760883.6960893837
-36.37197061159151 143.61934598866978 -4516.571122586211 18121.398241147497 0.0 0.0
-31.92105117952735 -245.76051461660222 8514.701677581415 -187479.07903086735 1583985.674303057 -4800760.869478043
-32.15162894560832 -225.45676035023646 7584.190125096618 -163110.64252275362 1323793.1812425486 -3834832.6791813686
-32.127385913257946 -226.21860223423198 7392.2946983893125 -152926.31291882167 1196917.0721945881 -3345285.1999362777
-32.68623704012018 -178.95687563006706 5687.559396150712 -120392.17833525916 911385.7281694777 -2417396.288301152
-32.52137358830025 -192.3044694434282 5990.550860534052 -120873.69756627784 890671.023721482 -2312512.125646637
-34.152902721667516 -50.06375672148477 1021.4723723045831 -34286.35391609198 167837.90431399172 -1162.6629439368178
-33.18705478982194 -141.66924100586604 4337.817927397802 -91854.60111665042 670515.7623005048 -1745141.4212798518
-33.570758169095754 -105.86386741940348 2930.745390712371 -63628.71391834081 408731.7202766633 -821432.2438957068
-34.104234110701405 -59.971702755461045 1297.8480512927495 -33980.628564007406 156297.09029645874 0.0
-34.256364040543325 -50.099351702767215 1015.0366593866818 -29419.45332092661 132995.1115340444 0.0
-34.2681236625265 -50.87184619868135 1032.0020429567428 -28615.29560713157 126968.23288332041 0.0
-34.32513123501047 -47.55078661112466 909.0143548939735 -25584.908727268918 103637.26805828843 53277.422799199754
-34.43791266113374 -39.54806647165923 635.2364508043648 -20260.459312650386 63123.23964794333 157921.3776423064
-34.57685871563044 -29.189107432131006 280.42561456061276 -13628.728696748867 12017.721780791268 297270.9753368246
-34.719985335739835 -18.48393577672711 -87.39068830270362 -6731.167194697751 -42797.89628647765 458183.551080793
-34.51625867941735 -38.125310775538985 591.105232596826 -17613.097266047334 50603.87196355133 134002.18786207846
-34.56637990685307 -35.759194800269945 522.33089738644 -16106.777600077563 43209.05809397993 132525.17661141977
-34.46571628612805 -46.08456008878863 868.2974370829829 -21137.420760942055 84286.28170858741 0.0
-34.535721353956575 -41.83857793602179 735.5971676136202 -18737.41011034578 72010.17312688177 0.0
-34.625617391811986 -35.029687220916685 480.75069912762206 -13586.87339933415 29397.595741068668 131429.4231246676
-34.73031227695762 -28.26738199731631 274.50986925414736 -10064.162280606322 6428.216545754812 181330.0740278222
-34.59999375039693 -40.91494133425051 696.0865497312961 -16494.3450737255 60360.27992602028 0.0
-34.60827874666452 -41.48387230960244 704.1815121286718 -16010.203928265233 57617.55268239716 0.0
-34.59653971141764 -44.24429636521149 801.502058959856 -17254.734158916333 70480.78781723928 -52851.09255544236
-34.6176750450011 -44.09651024677579 798.5272176344904 -16838.685214236273 69842.4853214559 -62675.42815564279
-34.70111551034592 -38.67108153663783 619.8403912868305 -13570.18612605755 46322.63674968154 0.0
-34.70665288070298 -39.61929000098255 642.9000529170124 -13398.290633036111 45456.641711797616 0.0
-34.732186936967146 -39.545048708027515 657.5947029733097 -13595.41335592016 52096.95460083869 -39854.13407578273
-34.79677643686973 -35.84226427087449 538.0587879646871 -11349.704608319007 36575.95326533055 0.0
-34.81274806992539 -36.073688605553784 541.9080691733762 -10999.106497211294 35061.36962062403 0.0
-34.86379346018254 -33.841968908791806 481.6386286942026 -9933.754861189072 30566.597791591983 253.1022602823753
-35.11764980570887 -16.103859407310875 -21.208170763743976 -3303.5437322573316 0.0 0.0
-35.10287316410378 -18.30521528870017 1.7288871140136273 -2019.0543693735851 -25340.451432135495 153554.46077632974
-35.29326372789732 -5.0760502951760005 -400.8518715539746 4223.724256003287 -68555.9484736876 268158.118297526
-35.17331721161752 -18.40748860164777 88.5132536096988 -4265.753372316851 7847.237745952146 0.0
