-32.8165777645103 -187.26467509407232 7510.186543871169 -214102.58259301636 2177134.081103948 -7815979.92432304
-31.62595928640707 -298.8989983264675 10979.406267583854 -248978.3549781192 2241875.5557001573 -7333951.587628861
-36.8411277170136 147.89381957997716 -4354.836824005945 16572.76658802684 0.0 0.0
-36.62057602182599 126.62349539550708 -3754.490380469136 12779.208970876212 0.0 0.0
-33.975938715382895 -76.27109492800852 1886.9464177958744 -52962.275574528765 281322.6017134119 0.0
-32.2336522059345 -238.44296221347682 7728.699290074437 -154999.38989860707 1184880.1652750499 -3240081.504638248
-32.77795897242057 -192.7006418358067 6102.722975388927 -124663.66402674913 924320.2571218103 -2409154.372427009
-33.33459294666898 -144.87729422377757 4395.121521951626 -93293.62231893116 658723.4562866025 -1571281.868755692
-33.90824189184255 -96.35461541157532 2697.9986006362965 -62877.58577271394 406430.2668227085 -788335.8666258614
-34.41840201764091 -52.212798932951905 1112.2723505146505 -33760.30615631051 159011.5730097752 0.0
-34.11333659918435 -82.46785254959246 2212.381743121949 -52546.80337386002 331017.97213165043 -649512.9035655952
-34.38337544708469 -58.48290381363248 1280.5822570590847 -33543.951290366895 152343.29946421582 0.0
-34.532150886477076 -48.27052239300864 972.0924527295916 -28499.303489054102 126072.90764557653 0.0
-34.47249963143318 -54.49238606592189 1145.3758747738018 -29716.315300592625 129872.92209424086 0.0
-34.73712905851724 -33.69165260972786 450.0146967989039 -17604.98729721032 36539.48609528174 263600.41593064973
-34.750323877574644 -34.28306198940085 467.92091205889494 -17142.51470294585 35439.05440538718 244875.28608507023
-34.71865961710732 -40.042764757734325 718.6721538457181 -21822.963992122593 89104.91849170705 0.0
-34.6660656081487 -44.06198920459986 768.7806873004481 -20361.19580526668 64280.56836674273 119810.89105941849
-34.93083838943233 -23.95272709828414 124.25720920562641 -9682.597315633642 -14354.135791961073 333932.0308325456
-34.92877292441528 -25.727082201325686 182.68225808381655 -10067.261306950646 -8273.969864443825 296117.1052558789
-34.68783847797682 -48.11786177536506 935.0771952425845 -21784.65207685331 86181.53918794484 0.0
-34.908010335794394 -30.580789924669038 341.96970663518323 -11607.752175657215 9948.75870187673 204724.80057513068
-34.97494799528889 -26.887117181283937 232.48246542107574 -9556.344316879196 -1850.6177545595742 221012.03933193424
-34.932354050877684 -31.947872238491623 396.3769344312585 -11693.628741198338 17473.41098084758 147774.87300803803
-34.812069158439655 -43.421955280540466 767.4080414507703 -17116.658128403073 61994.55413300971 0.0
-34.86023479385501 -41.278455383603614 708.1504201377634 -15919.399442690954 56585.614392891825 0.0
-34.90548465718666 -39.23128023566241 648.2045335711983 -14695.7435116886 50972.782253160854 0.0
-34.90113184436932 -41.09744409273683 705.4278848302478 -15132.069176793266 55942.19521613589 -22544.59202867859
-34.94686944597327 -38.847916200605034 630.569791848312 -13526.603119634483 45498.124250128174 0.0
-34.97072998554279 -38.67811439889765 632.6716702916306 -13326.88861130786 47324.31482220971 -18316.649751330704
-35.02908986447627 -35.69807742616183 543.333188421443 -11668.40953105759 37523.09403952433 0.0
-35.06457282975528 -34.61562151729839 514.3861105563582 -10948.955959011899 34544.88070316161 0.0
-35.159203426483906 -28.60195261089352 323.9978408107973 -7667.275673242858 11655.856374719304 60360.32610388305
-35.16816046595718 -30.337529753246685 405.24714711279347 -9017.71594151152 26849.816531691686 0.0
-35.58885235671081 3.3223511173177465 -704.3417977748577 9158.067382861756 -113884.39500032192 423600.5501509081
-35.305406014620154 -23.05966460690284 186.23390266222327 -5168.584209451889 2260.9050001855367 58400.84963143003
-35.60844478070768 -0.5552817063950568 -520.7639284582981 6016.396077043898 -80538.98744965892 298047.8308771788
