-40.91584874935332 551.6496854272158 -18332.51460307245 200838.9888828475 -1084060.377818433 2322179.8336996944
-36.6007843893251 136.12338952903065 -3324.7575638201315 -41886.26040481197 763121.5757400863 -3068887.305321146
-35.16395714430704 16.967962007686513 127.31730605040177 -77153.5976811995 846005.1967068536 -2716491.424797463
-37.26589651823619 188.66900185481273 -5589.110205510657 22683.134649586285 0.0 0.0
-31.65554581942443 -303.2678002888331 11127.398274661871 -249793.422008726 2165386.0814431594 -6705342.177381371
-31.345836161177417 -331.14100788563394 11946.892984583295 -257289.83867761825 2184080.32143905 -6681225.980829454
-37.61181258279647 190.46089930365542 -5154.704483918594 19763.03823295597 0.0 0.0
-37.39803717023224 173.3554624594585 -4720.055466557554 17131.86661117784 0.0 0.0
-37.678271163886514 183.22029174910722 -4768.982955365782 17263.70020402974 0.0 0.0
-31.23710230214258 -331.63170343333826 11183.744145155533 -221090.37556432193 1735970.5276186361 -4933279.854486451
-33.91050634501557 -88.32099357117517 2342.3625845352617 -60791.68985556148 315199.58964100503 0.0
-32.18666594656962 -248.72086614447073 8178.567118896455 -164652.1915025244 1245669.6189662027 -3344444.72818676
-33.97834173034076 -85.1424130103684 2204.1580847401287 -55705.81440104362 279568.0445763235 0.0
-32.975312786097234 -180.67103880223138 5735.688388912434 -119213.49448111163 858329.7684830748 -2118118.3824253073
-34.03536580712421 -82.53419792894806 2084.6242867402707 -51270.941219169195 249422.54541626046 0.0
-34.07602359485191 -80.43491460405765 2009.143880718246 -49056.64659191008 235413.29000439466 0.0
-34.22501435123681 -70.2403414684674 1712.366192638272 -44270.046172351824 210534.82258118584 0.0
-34.344930591632256 -61.490876303216815 1432.8100259112284 -39421.20320041259 183985.60129064714 0.0
-33.48685097186713 -135.5348161088088 3890.087770682018 -78521.23434226918 496914.91769611894 -995202.2490662808
-34.35863852344973 -62.80248559558682 1457.6167546551983 -37823.66910192043 172421.4022451258 0.0
-34.410093890557484 -59.89685264276431 1365.04027233421 -35713.30773599299 160492.26553941218 0.0
-34.702177921808314 -35.72810899943258 542.6498535131087 -21533.682457689356 52612.369434201435 291095.74466937914
-34.40523024036135 -61.820745963398466 1387.7177820903723 -34068.551867526076 148691.703886624 0.0
-34.69704261200419 -38.33255819760145 604.4878728123521 -20679.16031030727 45571.76152096676 294521.8165796164
-34.510639427296425 -55.955898566497865 1208.5995827745112 -30258.245028473902 128448.2489951195 0.0
-34.71709510002071 -38.667580439638684 594.9275860279021 -19012.58154827814 36218.30804529252 285443.3861384969
-34.77961162071602 -34.878730554400576 475.9006857045566 -16641.199042988865 21549.47997973552 306662.9612509469
-34.811743948992095 -33.51316796579194 432.95472343201794 -15465.47543917081 15933.63290046784 301842.20965549897
-34.95237197331362 -23.039470209753897 89.9945177441964 -9467.17301674789 -27782.85536399284 415278.14104509907
-34.805074726012016 -37.934087715523326 628.0616900621566 -18556.43798798055 55494.83911289853 108610.30071091269
-34.802743768312304 -39.39598009821473 670.3900934711888 -18548.847363056437 55344.60193667131 107754.40913524939
-34.93337643226388 -29.185652679280203 315.9694237081827 -12086.560976708544 5285.595868957061 250624.0401064318
-35.056962150168296 -19.989278922262013 9.495104017430608 -6650.633658068333 -34929.31625819785 358996.9399370545
-35.05383242700427 -21.71252308292037 71.04406123733828 -7290.2379849365225 -26398.98567553371 315839.46139018825
-34.900645521871006 -37.25893005778529 634.2123908529413 -16907.454533399527 61045.315948131945 0.0
-35.09816240644757 -21.232637399795067 74.2090294304718 -6815.517702209521 -22368.882342805548 269417.9919355437
-35.05919660400605 -26.012583763040084 236.661356310077 -9116.288641872909 -1053.1968360616518 189862.8991851558
-35.03992165959574 -29.218430237517403 348.79931118962566 -10633.852738573261 14109.5905699056 129774.89603783182
-35.10976493975831 -25.04400301117992 221.54288361917074 -8373.450446728628 58.40553441094342 158209.75205094428
-35.138408878063316 -24.245080442052306 201.68887679949938 -7789.619493423024 -1387.5660691505016 150196.10814794895
-35.176797105886976 -23.96054702371422 253.7357411035006 -9525.599327080037 27385.84285861251 0.0
-35.2104014935774 -21.93193919879303 151.5406873140909 -6661.5030149693475 -3040.8749956803676 129557.7277961547
-35.41773851489602 -5.997331149331667 -374.01583231471284 2170.493223720177 -70681.67747375648 329782.0432540503
-35.28590061351808 -19.267014909448037 83.80098052023683 -5178.69215107516 -8669.423847920016 126252.71134511846
-35.27139630500904 -23.141483910110203 250.2213956668396 -8218.412873874364 23234.938718035297 0.0
-35.44769800374782 -9.796105047786302 -198.10138630553837 -429.91508163443797 -39182.538755972186 198446.34353874624
