50.822271590947075 -0.7364584968254322 3.8041759383130405 -110.81689670977242 478.99802894129755 0 0
49.89968490593275 -0.6440838745684838 -5.405449419959557 194.5633114413013 -4244.349596468763 35643.33927754863 -107253.72182236094
49.27292042682759 -0.6542862072891984 -5.22424943195393 179.41222960895345 -3728.560214603835 29567.544893711845 -83732.80879402568
48.763446878422094 -0.6650756318182247 -4.920626008487297 164.24320432761112 -3327.8409218638003 25409.596688451526 -69017.42468872067
48.31808039310605 -0.7076440088610617 -1.6548740499353756 43.582636196130395 -1089.8134495520503 5408.23726430745 0
47.91319090046407 -0.6828276862364401 -4.44868721022763 140.51737694316822 -2721.8663411855277 19351.733352195937 -48264.195665849875
47.53620018375919 -0.7024668906778779 -3.3101707654950374 101.37132058316746 -2033.9999641709655 13721.582671227583 -31032.13438728406
47.17966778183916 -0.7277137596870094 -1.5870913076500732 39.73814416191591 -928.5895616194939 4274.49239792455 0
46.83882351269982 -0.7335059012177211 -1.589638763554719 39.14908100456306 -890.581436993426 4007.2647435644626 0
46.51046648402045 -0.7400157677083914 -1.5290905487694106 36.91420302375809 -836.3799918284107 3686.918743317599 0
46.19235685090534 -0.7461413767933669 -1.4912348974309702 35.38699681019611 -793.3955962290337 3429.166320281037 0
45.88288778644546 -0.7552358618602045 -1.1960074600681463 25.465884334555945 -619.2360140017191 2170.0069295768462 3014.1781123967676
45.58089230548012 -0.7600036804921758 -1.2722649027084925 28.320838735811932 -662.8165556895317 2735.439838357792 0
45.2854947561788 -0.7658030240884344 -1.2216314035825135 25.446569294317978 -581.3631405867955 1954.2012905897964 2704.9385515325303
44.99605274531172 -0.7735805109078423 -1.0174399098752394 18.281694831936193 -448.77676558645584 957.7846520640577 5300.990963824381
44.71208776533065 -0.7761915335914016 -1.2516569181963388 25.78375826103075 -556.3519150840015 1869.8741689945964 2030.6816500676289
44.43325267122886 -0.7854734279948077 -0.9276834044564475 15.086570038294104 -374.7865447442763 537.9688299843622 5566.676677461939
44.15929797834874 -0.7867125189159618 -1.2737924351303103 26.500739452810464 -553.5069689207068 2093.990183876756 0
43.89005610211705 -0.7921879488147796 -1.2454729836570049 24.793884427655318 -503.45373739123517 1657.3743578117608 1358.8693092338438
43.625413512581325 -0.7989821009577804 -1.1186282389216837 20.445250933872973 -423.6226329793389 1108.2535965208779 2612.599675101517
43.36531802175177 -0.8028507131639919 -1.2436141234179814 24.707924881873662 -488.9740201863015 1757.051453920761 0
43.10973962953675 -0.8081616645964185 -1.2363354480872457 24.2290711952086 -470.29376075780743 1663.2362790025318 0
42.85869373775116 -0.8134541493410147 -1.2237040076373296 23.401401788698223 -443.2514190669664 1475.7048260623053 398.8517063917409
42.61221689260128 -0.8187185654839727 -1.2199462029317585 23.199413269643852 -432.6296733358403 1469.365216009582 74.80792366979072
42.370365785652105 -0.8242345839092002 -1.194107881846137 22.315546227044685 -411.88158895544717 1385.3943014201955 0
42.13320584962469 -0.8300327728183178 -1.1471810299342664 20.89994422986109 -385.16347532489345 1269.112258834452 0
41.90082574692316 -0.8355055440640363 -1.1188376996713512 19.926112477002548 -363.3557338929984 1173.0250030027241 0
41.673313084199435 -0.8443985676320025 -0.8100495202071062 10.0076216032645 -201.6310260340612 0.9217202186400755 3248.7835102220824
41.45076763291275 -0.8494070342380269 -0.85177668075919 12.681480955200096 -262.2540045931458 750.0195138757425 0
41.233293014464145 -0.85328897529688 -0.9358969757773069 14.87329520069153 -279.90846358093074 833.2787659161944 0
41.0209829322228 -0.8648120239467939 -0.38559775841750393 -3.3044162287679084 19.553932958793496 -1470.4842604150003 6895.062818228775
40.81396286621881 -0.8698866184480041 -0.3872276581521364 -2.8257071566831757 10.67453528051155 -1292.0068449711175 6024.96276433079
40.61233207962631 -0.8828952496132283 0.24483136178607637 -22.08664424253933 303.5522930178182 -3379.482436895137 11832.043133224048
40.41619822597801 -0.8911526126364173 0.5060602473505644 -29.83325338141163 420.71718509544945 -4153.896840666716 13800.0523176382
40.22567225441046 -0.8864590589415705 -0.3325478436665896 -0.70781779291484 -69.80017643139794 0 0
