-36.248008992008536 143.1227742719152 -4537.586335996616 18499.240367715774 0.0
-34.871933914889425 20.735462160393897 -855.5312984890278 -21975.93729571908 156269.02625879948
-34.86731539540285 9.997245651289363 -444.6005819775518 -24049.29516723145 151549.5038414491
-35.26121439051408 32.13572044596748 -995.5448184071613 -15093.91164949959 101647.71268244358
-35.558244774469216 48.002917554662105 -1378.4743439220547 -8792.497542443592 67090.09272777157
-35.58729123140393 43.46605437300059 -1170.2235963122716 -10437.681368708369 72202.81670443663
-35.621131607945394 40.590496088891506 -1039.815477798376 -10951.564350022489 71165.65215278788
-36.227957580473216 81.86422036029917 -2162.4145731606836 3946.1219831630397 0.0
-36.054043235709685 62.58669579094445 -1538.2882731296913 -3443.9642379544835 34246.483115175084
-36.387987165453914 83.35358708865346 -2077.866438015419 3857.018850301858 37.20020946574987
-36.43479010715998 82.33275619176314 -2006.2853113958824 3606.5448337008884 0.0
-36.401495331486245 75.43372314396079 -1774.3146655698754 1378.0115476439516 8910.559201976017
-36.54092213249126 81.42211742086702 -1894.827423328459 3287.3623778018778 0.0
-36.57703536258419 80.19207710730784 -1829.9165798839138 3077.512237247797 0.0
-36.63079682650313 80.06613893633725 -1788.1910240138295 3007.779675569444 0.0
-36.87052833315031 94.03633039104255 -2140.722017085548 7718.8645066691315 -21379.17031599199
-36.83923421996417 87.82076189751281 -1938.368408594102 5733.266780245492 -13036.70998935518
-36.99082922185806 95.44255197375527 -2124.0120783858115 8487.098327653697 -26105.70627832625
-36.96032573298292 89.13206393461637 -1914.294024439958 6277.603938761277 -16077.14874007417
-37.008240661071646 88.96678095868303 -1883.2392237060387 6319.419118107672 -16573.809794910776
-37.056062801006235 88.77613405931018 -1851.8749746605247 6341.27287800462 -16933.875812242408
-37.095551192572294 88.02556350934368 -1807.4706155098588 6211.578347641395 -16653.909140018382
-37.12867831426296 86.84738026580004 -1753.2815389827388 5965.426749249436 -15869.811520391639
-37.180523237741525 87.03815888190032 -1737.3101425014372 6169.373377749658 -17067.132709947968
-37.20554571936108 85.23009275623251 -1667.1694117226377 5709.27801084585 -15257.561028640639
-37.23040526665128 83.46634695311171 -1600.947626608485 5310.2872287170085 -13789.911206295168
-37.263110891354295 82.24960368561302 -1550.1620125463735 5086.046310847526 -13067.03774738548
-37.26226695269725 78.52944185117265 -1431.8211193901677 4049.5915875883693 -8766.339254751128
-37.31726966321283 79.02420098813703 -1432.1879288737928 4452.9802187305295 -10878.078647424772
-37.307095196101834 74.49256637437382 -1290.4982024119986 3077.035760526157 -4750.447849261863
-37.35867957577864 74.8360433826117 -1293.5754808959816 3576.206572532532 -7658.117797953024
-37.3438786183244 69.90909288596517 -1142.800672206298 2076.5355940408053 -908.4905708221884
-37.40553423416842 71.05808874136184 -1173.3296933633235 2938.9423557699774 -5590.737846517198
-37.42578706655259 68.90089859323416 -1107.87092410536 2557.037154501733 -4289.593585087428
-37.46922689174442 68.26863224682842 -1081.2661134522582 2594.403573241707 -4662.832034958747
