3.633912991582212149e-01 5.327793550139289236e-01 1.428358311947588721e-01 1.517927693833037717e-01 1.465000825221366987e-01 1.272763190693690649e-01 9.556301921750659512e-02 5.290308111909345495e-02 6.272384462519299542e-04 6.019659538229526347e-02 1.287321471373516490e-01 2.043339699654819486e-01 2.864883086661761391e-01 3.747948624040871590e-01 4.689102230069076005e-01
8.529086444824507396e-01 2.344778134359362665e-01 1.453828261878644355e-02 4.551192259749816532e-02 3.565596973950648646e-02 1.275860621449802224e-02 6.350326898293467276e-03 1.799703797143637277e-02 2.238903586812632934e-02 2.068857886741554825e-02 1.411059367513001726e-02 3.694434325725807784e-03 9.737905410010797708e-03 2.552385532800225190e-02 4.316367199027942164e-02
3.371424967768380712e-07 4.833497334714221821e-06 4.291691003003303591e-03 3.775729249983680858e-05 1.205551795756342132e-03 8.391198670945143948e-04 2.496394563571122148e-04 1.004312393383779208e-04 1.864526866152148082e-04 1.109092774006950437e-04 3.231962901846419410e-05 1.365486401163833283e-04 1.658741657253982665e-04 8.348851165960332840e-05 1.209138610294600104e-04
3.387316958316907692e-06 1.139550838302807831e-05 2.694203035157323716e-03 1.480414128161187601e-04 2.865874179927108503e-04 2.252627309062315209e-08 1.989329327834159363e-04 1.905386779056270031e-04 6.812200395746694555e-05 5.510052650200679170e-05 1.177120923996742026e-04 6.038977930025014553e-05 1.117569846530096054e-04 4.065856833627307120e-04 8.054854178176221787e-04
3.040697547425165706e-06 7.778180976986461285e-05 2.591636479804281293e-04 2.422645938206626284e-03 5.235756447975636234e-04 6.516294754142892397e-04 9.395462655208739302e-04 6.864216216133325237e-04 2.310665622400496426e-04 1.999825016883702874e-04 4.873848182792227496e-04 5.847175283715937708e-04 4.784418011246243437e-04 1.796060849845426113e-04 2.878995183163164510e-04
3.475976328479584154e-01 4.544803062532491028e-02 1.280912770164812286e-03 3.434821330682507647e-03 1.296412320658465209e-04 2.164351749609240688e-03 2.493861572255506431e-03 1.603097440434187327e-03 2.792672413176541541e-04 9.198611305304034425e-04 1.668758929543362208e-03 1.796519738993589089e-03 1.230536955964582841e-03 2.990522479160257101e-05 1.960951975901043410e-03
1.150899373820559035e-05 7.719132318373048141e-02 1.051846208203854015e-02 3.997659127050955889e-04 1.912265090889647860e-05 7.721047261345247072e-04 5.888038021169328179e-04 1.048313865287430673e-04 7.179695742220798755e-04 8.512742291564115741e-04 2.999789788498710111e-04 1.018385069798115761e-03 3.115221973117624291e-03 5.944745075746929105e-03 9.447089492546885750e-03
1.749786282762017904e-06 2.158593693223629679e-06 2.135377412584889365e-03 1.002934719235387640e-03 3.443735276513223926e-05 2.249751894374070384e-04 1.341355223480206204e-04 1.631111710814836735e-05 9.690309148396043912e-05 8.605153130437147671e-05 2.227572600038336912e-05 5.916311822425063651e-05 1.037606677986352335e-04 7.239502375894893752e-05 6.447317855034459836e-05
3.219985159793498086e-01 7.212570464274233040e-02 1.075016863052480212e-03 3.017546358676692370e-03 8.201117186277357644e-04 2.756104330214652169e-03 2.574212095935308944e-03 1.321383029345094256e-03 1.643215128853758129e-04 1.372255865019153705e-03 2.026328124588266336e-03 2.012353035368656499e-03 1.306316518775231398e-03 7.402461321468133896e-05 2.078680512056489509e-03
4.241873289230134736e-01 7.665293688370934666e-02 1.073275463410553257e-03 3.155612621557778250e-03 4.205606568228023091e-04 2.077172402390016666e-03 1.720991181457975656e-03 3.958918721446612809e-04 1.082292977274770980e-03 2.235935900008183524e-03 2.829402872576858383e-03 2.761112212907830283e-03 2.013162892641190329e-03 6.138224704124713247e-04 1.384767971181181121e-03
4.877991339783920264e-07 8.485679106305123436e-06 1.361778488372229930e-03 1.391277720324726578e-04 2.256734589689485325e-04 6.780566408062401980e-05 1.244340083786778597e-04 1.637991266711164484e-04 6.059913768574348312e-05 1.031749258031064578e-04 2.439065505119549025e-04 2.838861252762512992e-04 1.673742625364264640e-04 1.447664854438130528e-04 6.789193997231787606e-04
1.007288314399663598e-01 1.628146023958371331e-03 6.076407677375223436e-03 2.269463810059128492e-03 5.098711664541050355e-03 3.860870916956226414e-03 1.242008771621376127e-03 1.166914548534338627e-03 2.602696147445838354e-03 2.785501116092858973e-03 1.679115278333546653e-03 6.293540386313532624e-04 4.012639186779718564e-03 8.328383115614214349e-03 1.343273704035568249e-02
2.431050102267143520e-01 2.363105647760258953e-03 8.003804623716722147e-03 1.707610374875525184e-03 5.297407575033092827e-03 4.228718168090167887e-03 1.343821501558621059e-03 1.640184706278658214e-03 3.907042380778947763e-03 5.115321257862226294e-03 5.182496012978480247e-03 4.154121438701880581e-03 2.127483633998325952e-03 7.752245078935430080e-04 4.438940032114975336e-03
7.075937792541231146e-07 1.203180383437257833e-05 1.951242411765568858e-03 1.897032596069678093e-04 3.205892754865607855e-04 1.448542193309240614e-04 1.054715780499099068e-04 2.120095455435497972e-04 1.682660184128562054e-04 3.507223918558137417e-05 1.166270401477514630e-04 2.207486467175048199e-04 2.280203222229441027e-04 1.077675359560380816e-04 1.620656779793285495e-04
2.499135982219940793e-06 6.708242798743965665e-05 3.004983800013936415e-04 3.433337242753151520e-04 4.474265030869731984e-05 3.643956296317035965e-04 5.056209012700388795e-04 3.827771663069196224e-04 1.056542869792665513e-04 1.839721157985013959e-04 3.772639215483181477e-04 3.997944474675547912e-04 1.996198329167028676e-04 2.478500023841753025e-04 9.532432140557448030e-04
3.302088506057800182e-07 1.120506974066833895e-02 3.162848228288160245e-05 1.364802865356992689e-04 1.306978111478354361e-04 7.155254027759861519e-05 6.017929830312133434e-05 1.281332654791303254e-04 1.059463224086615681e-04 2.987403726849094184e-05 5.604429168441443592e-05 1.175881537829022514e-04 1.221388180039297716e-04 5.208564715932769367e-05 1.048982579253744966e-04
3.701514478553720103e-06 9.953486907446256805e-05 4.513258651085280335e-04 5.462894225091235404e-04 3.336074305744965549e-04 1.305278246633318905e-04 3.898488377098467336e-04 3.878706957983576358e-04 2.120253863557429615e-04 2.917376086665009717e-05 2.403557625156569916e-04 3.550706819698303527e-04 3.319947335101929129e-04 1.457718144970447313e-04 2.160236222943434441e-04
2.100688182727571413e-06 6.167424196583101757e-05 3.101613399513339429e-04 4.365415742137862000e-04 2.154017307552144708e-04 1.048513660568511344e-04 2.010927571926621053e-04 9.691437061616679869e-05 9.098925987342118223e-05 2.516752387162344206e-04 2.947193251795986700e-04 1.655945321461544262e-04 1.690680483029075195e-04 7.197838285939604699e-04 1.490060111001780549e-03
8.996881686617796715e-08 1.233640814803603201e-06 3.301596219730862369e-03 1.039992249183602354e-03 5.870066949041947984e-05 1.134400244647760554e-04 3.873449528407422310e-05 3.774072039541774537e-05 6.297571034815680087e-05 4.304474639659813643e-05 1.599800141720056886e-06 3.451990689289457484e-05 4.883405492776850390e-05 2.776977433530887675e-05 3.693533533802340638e-05
3.068361535831141806e-06 8.281059771217194067e-05 3.702741068696448873e-04 3.959374441982109428e-04 1.544508160610936597e-04 2.329057813489830665e-04 4.169942923245611630e-04 3.889488885287091763e-04 2.318197991698005647e-04 3.434631086733779828e-05 1.298735614466500440e-04 2.160576991224115689e-04 1.939234078285858773e-04 5.047233727257494063e-05 2.188452352062670160e-04
1.747459812990440190e-06 5.024379288304658563e-05 2.465204965004771974e-04 3.264753525217786484e-04 6.886659489393314717e-05 2.377268491611356205e-04 3.323861470475150594e-04 2.428447064470518795e-04 6.860374413174365790e-05 1.056553684579529545e-04 2.108642842932879457e-04 2.096942335701530344e-04 8.165708771482518423e-05 1.825145799705508271e-04 5.805897716517882104e-04
1.722064614492975145e-07 2.835505178633414774e-06 1.063486676186856496e-03 4.006292762279145000e-05 5.993678611448658610e-05 1.170712748385242173e-04 2.486394943722094455e-04 2.622879384953244681e-04 1.973696211475991222e-04 9.919381037703290424e-05 6.421551853409493212e-06 5.502834234039021656e-05 6.893649479030370503e-05 2.805520225639922193e-05 6.895731941187993152e-05
6.246764566503801991e-02 1.535092865754025534e-06 7.857111703978928710e-04 4.742709500737383343e-05 9.660255776156964516e-05 1.932120794946100924e-05 4.030974759312155328e-05 5.073822112663184467e-05 2.111224726631177610e-05 1.623233840679393010e-05 4.291186211083659316e-05 4.421247703167245353e-05 1.692694861446844060e-05 4.191992246995084531e-05 1.301441020500932356e-04
6.507316481163546995e-02 1.544602929453407097e-05 1.105691519958934831e-04 1.834970360809457077e-04 5.686887499255585964e-05 8.908055561595685601e-05 1.343318236272236180e-04 8.896759225292425138e-05 7.793055049792164558e-06 7.326383078390956872e-05 1.254882629295683784e-04 1.362306942434457057e-04 1.021362063363980536e-04 2.155544457600459709e-05 9.954048598820035179e-05
1.318571435563347212e-06 3.716548875078525991e-05 1.764609960408916123e-04 2.169177372087425213e-04 5.786778048514793979e-05 1.191273261548057995e-04 1.707585076122684832e-04 1.194874732209370350e-04 2.414587540416671775e-05 7.094755317633454268e-05 1.365168803175238657e-04 1.561872244449907104e-04 1.252355033182074953e-04 4.635613672792042987e-05 9.181577335380439035e-05
4.915807610687374096e-02 2.409986032158330065e-03 6.968897473632993372e-07 5.060214997178955550e-06 9.737037273659621096e-06 1.851609762391726512e-06 5.991643434026320866e-06 2.306474446177659775e-06 2.485387142339178785e-06 3.446266703887344899e-06 4.046486248696377140e-07 3.014984850021962115e-06 4.626629190648092964e-06 1.154687963434624458e-06 1.719698806743750932e-05
1.341712401402886764e-06 1.032896594804689625e-05 7.907346833370428973e-05 2.878805584358342111e-04 9.656170711436092003e-05 6.719055608446914741e-05 1.157645410278539447e-04 8.679059224620922863e-05 2.671806186494912476e-05 2.942641640539413981e-05 6.440192676251347420e-05 6.952790834238831261e-05 4.485567337305325689e-05 1.369581496381348322e-05 9.326580100260420630e-05
8.314838347265017526e-02 4.555534765583338017e-03 3.650186004242689823e-07 1.202399690658134919e-06 2.823230408429245494e-05 5.802254400802459624e-06 7.383789119250794126e-06 5.553167726013663983e-06 3.832740200915978132e-07 3.906252635677138895e-06 3.428330523257547712e-06 1.825001122035067949e-06 2.609333097046074189e-06 3.178351739049234515e-06 1.785941394573675448e-06
3.016012307459578448e-07 8.571354575129267259e-06 4.083016350071666203e-05 5.187323533309119933e-05 6.317154916495019046e-05 1.194567367442611686e-04 1.064589463977476348e-04 5.813320071102599280e-05 9.307776532655219004e-06 2.449309531909401200e-05 3.961954577938879324e-05 3.382507729181487771e-05 1.209984471340258932e-05 2.809004341890706741e-05 7.665305681968368249e-05
2.676628867143943005e-07 8.125556734750298966e-06 4.214721587854276564e-05 6.160823777849814132e-05 6.020405682572431703e-06 2.556941351156785758e-05 1.929768985821046499e-05 1.885629429046683927e-06 1.934222704117086287e-05 2.436518820293751244e-05 2.103307366891369533e-05 1.017998291354249253e-05 1.797963335350163912e-06 1.555431185057092042e-05 3.060293311904542052e-05
9.493688003927611141e-02 3.255109977659782078e-03 3.580435879887287981e-08 6.507342172518980077e-06 8.859052994593789124e-07 6.125625293768427031e-06 3.129410182203763874e-06 6.583401320979280267e-07 2.897579828021804846e-06 2.197509170425380524e-06 1.066892287408344609e-06 4.158776504368640807e-06 6.574810820960101681e-07 7.618755649771923317e-06 3.441970991888637668e-07
2.809385721316199545e-07 2.020256502160282274e-04 2.072389813998074645e-06 9.635858682489179504e-06 1.116109922606345898e-05 8.065049948739851511e-07 1.394277302463682321e-05 1.981585294233726571e-05 1.381961167060437408e-05 1.339130767597914765e-06 1.095403098023464740e-05 1.917134804964864837e-05 8.746962254266185972e-06 8.938729852682266342e-06 3.618484631295526072e-05
3.144776541389381866e-07 8.485896962502669297e-04 1.262256759105663255e-05 4.052343492973793404e-05 2.861060213378291016e-05 3.766688283592814973e-05 1.818860547939517039e-05 3.955681727090197554e-06 1.510109296606667190e-05 1.620026083780830983e-05 1.099254585715652746e-05 9.838056192429008419e-07 1.189106163486727440e-05 2.990392944920363825e-05 4.816387482017573849e-05
2.028067495138451831e-02 2.755190382519842277e-07 3.662165287584994232e-06 1.320576172002874565e-05 1.478465335391648008e-05 1.234411345466286935e-05 2.718262156034514186e-07 6.608753046477810729e-06 5.184667676282924831e-06 8.029643797067305566e-07 4.652062629108506365e-06 5.308537725278606527e-06 6.177732565679081161e-06 3.931255451165413069e-06 1.714409046134404691e-06
3.349523228568623834e-02 1.034507173440083729e-07 3.796365862690710606e-07 4.198956343808330654e-05 8.530333520133790473e-06 8.099010197474143123e-07 9.909146414344857331e-07 6.584762182989667866e-07 1.771114542909893903e-06 3.537018703456831501e-06 2.216421616428145220e-06 1.207204551308387069e-06 3.015618557490600484e-06 5.777328458550929965e-06 5.668011020451111474e-06
2.462565177375693193e-02 1.201975460146024472e-07 1.061919143511407825e-06 4.869199598544108054e-06 6.775586992757485695e-06 1.000049853733989473e-06 4.586277746896830848e-06 5.032553779043844165e-07 7.580089604373066816e-06 1.236041921332231169e-05 1.159095115171786551e-05 5.592655691681024799e-06 3.353902066910520885e-06 3.137154978609126124e-06 2.099157191085493563e-06
2.434803459583254059e-02 2.185493714668420955e-03 1.529467647871767260e-04 7.634086105200809478e-07 3.261469674560158482e-06 1.586488229634439055e-06 4.377312122532191788e-06 2.062834452849175788e-07 4.596131729597188861e-06 7.265421794906389629e-06 3.225096731403250728e-06 4.396459001220028135e-07 9.237659010143626980e-06 5.969048749260798545e-06 8.182118565108491669e-06
2.503661357328216749e-02 3.114608452716146728e-07 1.932201988949980394e-06 2.126030895682078790e-06 2.633872405779888449e-08 3.355405512482955501e-06 1.607358853780467364e-07 7.855466915868345094e-06 1.040244666430824842e-05 5.973683721091420906e-06 2.056074401675656468e-06 2.025956080755276755e-05 2.034907930008378045e-05 1.255664617497676301e-05 1.064365231862572895e-05
2.295975287578797680e-02 1.404642900974110648e-07 3.072984713872353957e-05 6.580521362619632682e-06 9.061647510063838712e-06 1.079673894345833951e-05 3.549842207385274406e-06 1.833010435542878743e-05 2.370137546642613754e-05 1.735813108492215839e-05 2.438213249582647601e-06 1.127303952529228695e-05 1.885014122823363392e-05 1.223848698505496007e-05 2.019026137227557000e-05
4.693823557689030118e-03 4.376385427195398229e-07 4.688678188118452230e-06 1.136174454398710880e-05 1.223941840055940842e-05 1.555518672177083319e-05 3.437677909340054870e-07 1.918184415693545595e-05 2.911762385166190111e-05 2.038399784478284331e-05 6.513510587266608651e-06 1.424880516092326330e-05 2.521982380387835832e-05 1.506442169454445695e-05 2.148832409999285392e-05
1.778033945935475188e-08 1.009833523017860052e-03 1.420941583874949584e-04 8.111638139804206902e-06 1.707321110832377869e-05 8.461333850761860781e-06 1.153559269893491825e-05 2.279947442156125023e-05 1.753972779177396247e-05 1.658925482469825897e-06 2.055037991468290209e-05 2.993923493127863676e-05 1.298320643383790828e-05 2.768660636734165845e-05 1.124795570326166930e-04
7.427365318494238383e-08 1.330452657471780525e-06 6.631531277697202444e-05 1.959481607140492617e-05 2.404290689201834147e-05 1.860594313608585337e-05 1.176938439972278864e-05 3.570461341480040893e-05 3.823527040103683679e-05 2.325022125532166361e-05 5.984343603203425462e-06 3.315363096839805994e-05 4.618948836278182201e-05 2.692447018394353905e-05 2.648260327874505925e-05
2.885457324008363147e-02 5.329539906304991246e-06 2.794103500940462855e-05 9.852210432572964453e-05 8.423990219810445035e-05 9.279056324830344050e-06 5.626529035186066856e-05 8.269835963943845546e-05 6.806475996381638202e-05 3.080321246825569302e-05 2.338669588403505356e-05 5.337803666767351876e-05 6.226928869078435474e-05 1.990445252004116781e-05 7.099458854974833016e-05
9.002919094749807529e-08 6.789329610183208140e-06 3.379369617572868455e-05 4.232776477291660863e-05 6.244700847785130836e-05 2.687234131781630518e-05 1.393105544244397005e-05 3.152755702258400769e-05 2.028897882997309201e-05 8.366710644070910152e-06 3.747441944445323769e-05 4.940874165092894209e-05 2.302716669136305942e-05 4.477666771195068491e-05 1.650671429638823201e-04
5.110261527247416737e-07 1.672466569731428758e-03 2.274303803148878140e-05 2.165287857887246274e-04 1.199944301018582120e-04 1.410174995498640689e-05 8.877704715768275476e-05 8.885076022126367143e-05 3.228678873846145444e-05 4.974465798659411463e-05 1.211703807075534614e-04 1.621153571030759259e-04 1.494837041249850757e-04 6.743780686386772344e-05 8.564387708276762672e-05
2.884034094531936319e-06 2.733129786973783023e-05 5.383648964668556075e-05 9.146656776093041420e-05 2.111114090891369065e-04 2.606794004615765404e-04 2.340326164513859073e-04 1.490769045529951632e-04 3.760260841465623116e-05 5.801277449852561535e-05 1.182077246004630883e-04 1.087073410418037261e-04 2.564349338867742936e-05 1.512626777752754819e-04 4.227198783012798525e-04
