-37.72071092790039 211.10456444147715 -5412.836104677335 -14930.020057060414 595851.8891322642 -2673947.0367151806
-31.766642369320877 -317.98979243300124 12375.069783407727 -289155.68443619105 2616228.2913466105 -8449879.161796734
-31.402052006955902 -346.4594156202425 12842.982204359634 -279279.1714494392 2393339.705009077 -7363152.968856487
-31.223874101803297 -359.5837092983261 12956.357576881139 -270119.26403962437 2243169.9660290093 -6734404.844183926
-31.153840229923222 -362.1733144180733 12727.29779950905 -256964.63775453003 2074041.0455600221 -6064807.40124646
-37.85245276583575 181.82388228628122 -4638.712308480152 15988.600808565625 0.0 0.0
-33.99241385180438 -99.03304962064854 2806.233005187695 -67901.93087989773 348066.78568751016 0.0
-33.653648177082296 -133.54857203423316 4093.662712127373 -90365.97024301067 566648.6427777238 -908311.7517707166
-34.11011504343968 -92.32980250590008 2528.7791513243014 -59756.699615960606 293577.62952177325 0.0
-34.23883723979732 -83.62603823954557 2248.5162320412105 -54355.969770796175 262627.3850053674 0.0
-34.16959397348217 -89.84474750882195 2387.177575292611 -54227.343622587934 256195.28685864844 0.0
-33.36840433955165 -164.05253727464503 5024.930225597485 -99523.3110011868 655850.4835306535 -1426268.4925217046
-33.44974770080158 -155.50089970892975 4621.666782160532 -90083.35073629963 571066.4658147756 -1163812.5309144035
-34.33325534491994 -80.45867832611283 2041.7679782344894 -45465.464185794124 204076.71962860253 0.0
-34.43226600766024 -74.78253556419577 1898.1799746917848 -43345.23006621096 203890.5228326818 -87646.22796694521
-34.47334772920508 -71.70006524657822 1747.9165493589123 -39310.58171206706 170261.36738787414 0.0
-34.49559378355607 -71.03167303149601 1709.7829367286158 -37716.504085791894 160785.81264349888 0.0
-34.714390270787185 -53.601784051830876 1114.3127335896343 -27126.181914650875 80175.68263753412 220561.90303435046
-34.749319733181686 -51.77486558386888 1037.9776672733879 -25016.27666145286 66829.26078194169 234774.04145508131
-34.85610269263657 -44.01262020354719 771.2539408293319 -19968.16458276881 31087.862670255567 316938.92060298537
-34.852631979820934 -45.5156824014611 809.9566494207583 -19869.43806282041 34121.91769787351 282187.1013651462
-34.82552531864841 -49.32504803312147 936.5189970804295 -21419.6278505909 51703.940626705684 199386.55354608997
-34.7662582798213 -56.61364163002868 1209.4271797891342 -25993.02018923507 99389.22904449454 0.0
-34.94732794381637 -41.68179912370959 671.041135717786 -15966.41477975238 17019.90336672243 259248.325233051
-34.8194264164525 -54.65892233176012 1127.9745864668548 -23471.356145359845 86603.18936843678 0.0
-35.01906733619558 -38.8904373378566 586.2395506461496 -13833.629571017855 10354.108147111012 232405.45691690914
-34.96924839011627 -44.19014093261478 748.9471312991448 -15875.643283534231 29710.874919775943 155640.72569415622
-34.91131382692647 -51.126514661901595 998.5193599838691 -19906.397796940277 69549.35754005199 0.0
-35.0291227934992 -42.29632794469951 689.6942521585053 -14204.53576039596 25487.43263686638 130376.21750517016
-35.01558652015368 -45.05766811797939 782.7515670173336 -15366.455745864238 38787.16889185206 72794.16169459822
-35.14780253439181 -35.916094219278996 495.62359753578295 -10627.024530624805 7323.2367598164965 147719.5140369142
-35.092268195402745 -42.86330844166554 747.9598043035828 -14754.225131587466 46943.63438159151 0.0
-35.224822731197584 -33.03579418502494 411.4922292000604 -8745.23842846984 606.0823155524208 139582.99371083052
-35.18281073606942 -39.1024386525681 639.5163800875576 -12559.43236744469 37846.537303571204 0.0
-35.39303545538401 -25.363284749438524 270.7168562972307 -7847.560840148158 17967.153017182063 0.0
-35.63034243089608 -6.175272250127598 -408.69516152915656 4470.540723828023 -87332.7832238592 359925.38139781775
-35.88998532483143 13.044057666479633 -1016.0588055069475 14163.320325893703 -157875.15020522542 559487.433890107
