-34.443842928927786 14.84679528233758 -127.30235835506242 -103074.2714849534 1391502.9379964292 -5596249.138923141
-28.225630814607076 -549.1142176521203 19621.343568973913 -424983.998155843 3930355.832173944 -13476086.888578555
-35.51522136157961 120.17298467039076 -4736.870857361339 18175.078959614202 0.0 0.0
-28.994516578196997 -462.63460558770396 15564.306729992426 -322002.0773661088 2783121.8431527535 -8874118.601379843
-35.87114739173191 128.63802265546326 -4512.7344001671 16483.09368828314 0.0 0.0
-28.020619694088026 -536.2199638974695 17483.459589530943 -336212.6860962873 2767609.6737516997 -8492087.63410239
-32.812028179516126 -119.07658785801583 3143.266872993572 -91647.47338152677 734117.5454059064 -1907413.2574391703
-33.391829947850766 -66.1048721398154 1155.9268905071417 -52601.18629069722 374354.3545185558 -666153.9261676269
-36.030809115970506 122.35235149378654 -3948.6893345615645 13163.050934542725 0.0 0.0
-33.844547082968646 -30.561224289396616 -48.466184095155334 -28497.71092096373 162507.74901723504 0.0
-33.145290168464854 -98.31860256424305 2435.785106106603 -70867.74429771616 521168.70841552166 -1194528.5346211863
-34.07107857198931 -20.458199400452727 -193.520340733539 -25560.69292544772 146365.88205214648 0.0
-34.16596986148281 -15.08371529096504 -326.17871417984657 -22832.491205613675 130345.40745929015 0.0
-34.277549370054 -7.571633417284174 -566.4371568988578 -17558.230914131498 84635.57791090356 134382.7472130677
-34.40453886084994 -1.7579442378000398 -629.5466875398531 -17531.373463996475 101880.47210321426 0.0
-35.69929486481989 104.178741031711 -4080.994643308021 39007.1667985943 -346297.792764451 1381596.966158846
-36.45095471937106 166.31913810724905 -6140.399006396514 73560.1187028304 -621120.3436945665 2214510.4527192996
-36.39665641876236 157.60711433781148 -5769.997316828758 67553.84931991239 -567961.1691527931 2021878.178597377
-36.95109021517149 202.31541417722636 -7239.785758768591 92530.2470167921 -769564.6420175916 2645228.9043236217
-36.46002474298283 154.99185094457462 -5531.829708606406 63770.25740444349 -527808.1530654437 1846608.882325458
-36.962948815387485 194.9617360733491 -6835.957958639241 85953.44440162912 -708315.3667882978 2418546.7748245946
-35.607539080375254 66.56598880313439 -2145.254754760457 3447.3714528584032 4961.16363728641 17785.603642792947
-36.96235164274535 184.8449184588601 -6271.895850064041 75187.94972306858 -597697.8137327741 1973516.5027219015
-36.81174453457463 166.60956615389452 -5537.2872493677905 62128.621781615235 -478592.3382454165 1543325.447239051
-37.093262924321415 187.43335076641088 -6198.762465784666 73675.52984401857 -573583.1738878461 1848677.7546071822
-37.098646402748834 183.73529541758498 -6002.086800196381 70389.77454179958 -542268.0818881091 1730153.2250664474
-37.238445887279035 190.694204441087 -6137.986427287459 72171.62453580767 -548876.9617423996 1723313.4777550485
-37.13258837636661 178.1228713122144 -5668.343450247408 64771.459768282926 -487617.3233939737 1521038.3155298983
-37.02694291238205 164.81320599650877 -5152.386202280483 56292.09606924508 -415744.7858956579 1281475.8350646785
-36.58836412125327 122.37740597007425 -3638.354263156685 31050.225469793848 -206479.7578324659 604280.2004046625
-36.937190447001356 148.70169542529842 -4482.07635183377 45368.97415532825 -321324.4204184318 960001.1081549375
-36.40848463374398 97.88390249667522 -2668.0444672486906 14880.858104693283 -67815.84760190088 139507.5261088179
-36.94816486543885 140.94619747859247 -4089.0132442155495 38865.03319972404 -261403.6497453926 744482.2569203723
-37.09130218045301 149.2586338845012 -4319.714453055018 42927.653071097084 -292678.9759271905 836203.5934166881
-36.504143837056816 94.85759050231857 -2440.5765591226127 12249.116417938214 -44787.88663164644 54991.992169556885
-37.089508181831995 140.8143089637886 -3932.7070216536495 36982.93650111068 -241673.09216627496 664088.7777259975
-37.11340579548066 138.75205611229603 -3816.1681359028667 35328.20060419704 -227223.8389664284 614251.8314126522
-37.16147570749829 138.50456613530014 -3755.0338035255595 34495.53248712355 -218843.61824051422 582304.4027131969
-37.01768881198556 121.14639393157383 -3097.5116621357174 23477.387201037818 -125662.62178054909 276401.5117318311
-37.11686425930561 123.56254557291896 -3050.032455314216 21061.493570322855 -83945.73622388308 47435.59244052406
-37.089135884598754 119.39982608851777 -2977.6332012004495 22560.355767871442 -120905.07114448285 268615.2179336263
-37.232801862098356 127.80614487078779 -3232.149074636447 27261.41012898312 -159661.13793426563 392057.8286017627
-37.103358922793255 110.4415461922278 -2539.2785351290668 14923.10273557819 -48588.36582820803 0.0
-37.721319426842065 162.08739314851556 -4361.480098252252 47726.34231109797 -336665.147090158 999110.4100788506
-37.200511667215395 110.00256037177793 -2459.3154767695323 14612.397516267341 -50140.65993509518 25994.759380662752
-37.59648447628227 140.26104542720336 -3472.671131724512 32212.056062507618 -196267.8645128286 497230.6565084615
