-37.74431701636868 270.9705507505063 -8480.521198230213 58675.312862976854 -132750.4265349056 -112584.03097992743
-30.054128859125182 -352.434094729623 11088.66743798318 -229257.2376682839 1914143.3207245772 -5792944.797204987
-36.37367451134545 143.79643538001204 -4445.909005034953 16871.330575105312 0.0 0.0
-35.357358965451226 82.86453979501867 -3182.366882521111 9374.931462234976 0.0 0.0
-35.902467057587245 107.43222651941954 -3487.5959746343874 11238.415555635183 0.0 0.0
-31.1673729659053 -242.5495970561811 6527.385364129304 -125031.56279571792 894585.981941832 -2250091.3016283265
-33.68494173535693 -43.09208028307434 247.03081716348134 -25805.957857530324 134785.5322139268 0.0
-33.774693232709986 -41.23399449829257 293.51776931963786 -26174.984182066306 141668.46790407895 -52177.94960584564
-34.87878158752359 41.32182751369317 -2141.211897185652 9814.714694383507 -103187.86507828359 541264.8259491309
-33.904236413127975 -35.191951901857124 143.01807579260753 -21544.81274726623 106881.88664032951 0.0
-33.98739273833432 -26.779265597477977 -228.6027766284282 -12742.913086822009 23721.71142804699 281721.71545046696
-34.24717931816639 -11.641947825102765 -573.3102220338857 -8178.213565969161 1686.3318766697764 296086.0018967814
-35.05446384630673 38.61084572495115 -1746.7034662038502 4618.420098299022 -44816.560327310224 254432.35862185934
-36.427342407252056 146.70274175664113 -5189.144962237364 60414.12317056012 -488163.24361077725 1645308.855731597
-35.35690824348755 49.6073769268722 -1787.0978709506305 2836.6639464871796 0.0 0.0
-35.08882111861656 30.116111875246105 -1322.1623537036467 -231.51774600196603 -9958.83366483393 151287.9502959281
-35.02831128349349 36.1101914561642 -1843.7209351207377 13234.387315495193 -142231.4141019886 610573.6079627129
-37.38937863636671 200.32950063729484 -6394.602427402362 76439.11288198252 -570954.1420307291 1749561.253874997
-35.54895258140701 50.29287209091836 -1622.3899002502064 2504.463210452251 0.0 0.0
-35.3704342658622 36.33035209516465 -1280.6504152203893 195.5293473997412 -4103.830579745451 84027.69868298426
-35.79027825899934 57.99625946502277 -1670.0650757279054 3038.5156928743713 0.0 0.0
-35.8265235061367 58.84908983567231 -1702.134989298759 4616.364356257735 -15536.104438589246 50639.68620991438
-35.7872565128263 53.38172093334122 -1519.1527142052375 2502.9018846267254 0.0 0.0
-36.72276284191136 119.33860420239014 -3411.451622558418 30237.40970140862 -197123.2087482572 549085.9206554389
-36.327066189529766 83.43975545273133 -2228.946955886868 12211.252249493431 -59211.37922885652 134455.93429445734
-36.22478839895815 72.97786017476295 -1904.0312837592055 8185.271641681219 -32181.82932794311 60644.28837720211
-36.64651357959249 96.7300630267522 -2425.733185601333 13776.381460658382 -52131.21805080651 48404.65798175727
-36.51713543063506 84.42319901611532 -2076.026675289727 10177.904676821196 -37528.51988799278 49312.29547049132
-36.64691566832695 89.60540306671085 -2166.1736740009433 11443.163980553802 -43215.30288050405 54217.99054282413
-36.66759195071042 87.48873726345548 -2074.920218675325 10640.94312564567 -38800.66074931591 45062.95275805127
-37.052214099170804 113.22111265139354 -2828.2704218457707 22463.712141736163 -127419.67409178958 305739.85667354584
-36.96164682138258 99.82533812694288 -2310.48192460305 13872.659354168889 -54294.73793787749 61143.79514950186
-36.77715340079749 83.19409404741741 -1832.848645692126 8199.178216172146 -22103.70909851417 0.0
-37.25095793990274 111.63042162214418 -2526.9976097916283 16509.394518279125 -60949.240407975005 29152.375723310775
-37.41367275620189 121.11627994973803 -2843.562807041758 23002.80825384483 -123746.90299330433 272996.26968869526
-37.04157827453391 88.49809192720713 -1846.2829912199286 9018.165354699122 -26158.02174651593 7485.926983352329
-37.73424037147298 137.2294819238253 -3291.227541940784 30944.348417673784 -187172.95092200543 471532.0376772357
