-38.536037870657026 318.39567398487173 -9561.08522932981 70694.27192538911 -193286.4035416121 0.0
-30.12274747075986 -347.5114532652634 10898.78383266889 -224946.43566047846 1874220.4138708946 -5660966.001497647
-28.368639294891558 -476.3192011209208 14426.333084550952 -264824.0239840294 2068184.2968630719 -5965847.451421642
-32.23207579910379 -153.29318234575564 3663.116279694287 -84392.40056532586 597734.0212793306 -1337495.7240136322
-33.10429686862273 -87.22386151034213 1631.9964443793415 -50894.509327514075 337730.19555616844 -585257.3387349158
-33.07166108951309 -84.24823813018904 1268.8143989514654 -38129.5514508907 189656.92408681518 0.0
-33.449324620926916 -59.93268688720455 659.5194283069558 -29711.916249734866 148569.1266842446 0.0
-33.335456712690934 -68.6894671237484 882.2182645381984 -30751.70559705118 147865.43122761985 0.0
-33.951913089489324 -25.77866761269964 -317.491814620043 -12963.216294725748 26604.191084170066 300006.15270002047
-34.21120685499224 -11.744083488201118 -612.2862560472181 -9002.475795117065 6927.195618671138 313775.8095390183
-33.96454860134586 -27.278223927379987 -274.4287764418976 -10981.409115336428 7663.008673363168 328639.8244372851
-35.18752959542712 47.232494341717775 -1925.4204345289613 4645.921501011009 -23020.592006626466 116642.56205182962
-34.96965213007794 30.724536633888 -1535.2325182667291 2844.100535830365 -45299.35656712409 318189.5095781661
-35.29601135603855 44.864966291544604 -1644.1926651782808 334.1460631995151 12428.793734682933 22092.448519408368
-35.62723998290517 74.67859335107754 -2775.48483928162 22465.169471341786 -187952.99741439044 706867.3416868964
-35.42864321843747 49.71981200239156 -1730.2034034030605 2772.8841391287165 0.0 0.0
-36.0200145363193 94.55716826980544 -3165.848635928079 27275.97747029698 -206017.17358653012 693317.5997677973
-35.21599399064987 29.941853254287704 -1177.9803116573978 -1775.7279223792655 7413.206578313031 69510.42571890228
-35.65078545811467 53.0822162382821 -1619.9622224233262 2011.147630353562 3625.538828269278 9766.881299622071
-35.64200169860218 51.591501181725825 -1593.6988895781687 2584.1161865405534 0.0 0.0
-35.683575144758485 51.34117328116921 -1549.1599145535035 2472.425159918638 0.0 0.0
-35.807067530057786 55.269979419646496 -1575.2131455883273 2741.1807852840925 0.0 0.0
-35.79179961948257 52.38489739285585 -1493.0590725033032 2445.0712639918543 0.0 0.0
-35.856821955407234 53.11422359459366 -1464.6758251412534 2400.989376121991 0.0 0.0
-36.45453891298593 89.90645064123107 -2368.7116449625983 13720.494222350006 -64501.828203747245 133493.67992904224
-36.94498443442569 125.03513217764691 -3428.4467249831905 30404.895593007386 -189891.14382422206 500338.44955688546
-36.570735149128225 91.39635027314627 -2339.7522010602424 14138.061320029628 -67814.37049166797 140292.92248436128
-36.413474317286266 76.10287549461749 -1857.451363420019 7607.5923194634315 -21826.71224279831 11643.105550423097
-36.76055380880528 95.61494512659455 -2302.8488704822535 12843.849672304308 -45576.29169346389 31145.259111689746
-36.59160749464553 80.5327356261943 -1879.6191884173077 8202.84118289995 -23148.022643841745 6316.284805790161
-36.62973587025954 78.94458427657061 -1789.007208433124 7285.34096620356 -18158.67701512718 -799.8500214297793
-37.12551034564975 112.54632598050969 -2752.5836454435284 21623.05673317883 -119485.61963981572 277455.99766375386
-36.774218328949914 81.92412127038676 -1807.9257380863082 8186.326349997066 -23205.10029682394 6011.112979553443
-37.09981547495464 99.17068553748462 -2182.161753999584 12282.878783739037 -38302.47788604784 0.0
-37.16024798257714 101.40286234333207 -2283.2282712066763 15308.70622176364 -70502.4226707589 126178.39801680218
-37.47479919290972 116.9335958187997 -2571.6270188673907 17275.478026699147 -60317.11077795334 4668.634316356455
-37.08679556331081 88.06844434051698 -1857.7294396731852 10417.687251864021 -41009.70947294857 60878.135615547966
