1.098725133956604816e-01 2.207044363886410126e-06 9.798053037741241700e-03 3.034331242519120158e-03 1.827754106978142013e-04 3.383235797308617519e-04 9.555622133127046819e-05 1.779697542960858951e-04 2.580672941240847959e-04 1.519903375360991008e-04 3.556066509048158152e-05 2.052729096146239073e-04 2.612300841122587613e-04 1.304831263133839373e-04 2.443256924105126500e-04
8.711065534872267576e-07 1.627058047550074060e-05 6.440498711754373551e-03 3.032649134310927831e-04 5.796604851961311734e-04 1.545139791098228910e-05 4.260581777648455876e-04 4.441390500250653865e-04 1.791224829831972838e-04 1.434958804551989496e-04 3.337878158885130490e-04 2.547184101393251947e-04 1.789047538390154551e-04 1.013127379863982668e-03 2.261686531380437647e-03
5.195772622236536353e-01 7.185750773613385455e-03 4.819878333906199878e-04 1.188553947324483360e-03 2.514431952022900532e-04 7.084569768284102549e-04 8.925922934576823028e-04 4.562254606035121896e-04 2.455586005748316698e-04 9.091841271097145195e-04 1.320843173589722605e-03 1.359486496071667713e-03 9.524830813946590872e-04 8.067862131464827874e-05 1.250459983761720295e-03
8.635835162719790006e-07 1.464036826060354391e-03 1.834450579455810647e-03 7.928436832171627474e-05 1.792633033364078121e-04 1.308136242204128192e-05 8.752264679336012895e-05 8.407593711517766352e-05 1.657500347626503155e-05 5.747381602307567348e-05 1.019625086899226201e-04 1.066192130159997946e-04 7.118296084928900586e-05 1.285959432120813275e-07 9.161067848630451886e-05
2.112019728974597055e-01 1.260573211408789501e-06 1.579266263186763372e-05 5.371336227569505089e-05 5.544571351096067106e-05 6.651098362982687997e-05 1.379560947822853581e-05 3.148222670438166138e-05 3.476841489126951634e-05 7.468606868093232579e-07 4.971572324129131985e-05 8.338669297567012368e-05 7.173321657947815994e-05 1.278513465481483248e-05 1.881012164841291056e-04
2.840058887524548048e-01 5.463394114351163150e-02 1.313235927905489098e-04 4.072670175352254875e-03 1.110931725919326717e-03 9.064121579501466632e-04 1.379764610381658749e-03 9.474228026344001970e-04 2.034377499038954068e-04 4.452704046231073152e-04 7.763393771647420600e-04 6.787731486350049399e-04 1.091829044060182286e-04 9.290355963446115346e-04 2.415020581018668001e-03
4.496726491900607764e-08 1.244881769007801781e-06 4.489511604090578272e-05 1.340189015771251918e-05 9.911287164429306179e-05 5.612512887379348173e-05 1.795914624570093212e-05 4.694127712895106370e-05 2.220071068149971386e-05 3.026584036416275428e-05 7.146777876225624546e-05 5.795657361939660979e-05 4.477330097796521357e-05 2.612491994890532793e-04 6.129758582737152061e-04
6.382630205710275451e-02 1.401699909335909480e-03 4.730054634402414311e-03 1.895659185835210777e-03 4.696885933890858345e-03 4.053170155991984124e-03 1.885813112718592779e-03 5.058239088446847033e-04 2.429660869035330396e-03 3.576700651654294693e-03 3.844650708795190747e-03 3.242299194932097943e-03 1.831777879624268100e-03 3.044569680024954215e-04 3.068687621171344894e-03
6.642991964230285640e-07 4.450395307071059597e-02 7.043645986283114495e-03 1.235603821305712344e-04 2.644511519307731037e-04 1.237093161205621587e-04 3.110507703162782652e-04 2.674162749763216900e-04 1.218369153790095882e-04 3.437301345310125411e-05 1.444332559823417869e-04 1.840691335643373269e-04 1.465344003152516269e-04 2.961914400996619245e-05 1.453771893753860603e-04
1.703199194591048515e-01 1.093744950864147195e-03 3.211751661536543529e-03 4.450871020507933366e-03 6.917381730084641404e-03 5.730701702352343323e-03 3.142598176472680138e-03 4.960436676592105184e-04 1.575540898926658861e-03 2.805975171169795401e-03 3.135601906172398850e-03 2.600162917771574496e-03 1.276735993848346047e-03 7.445262200258447862e-04 3.363185893326881091e-03
1.154103960744527994e-07 7.861543500950312832e-03 2.105875737025842808e-05 1.002753069799904571e-04 1.190528075167845442e-04 4.677165713659910655e-05 1.076898768041167708e-04 2.091889348847804744e-04 2.229264473560991318e-04 1.693165376686762676e-04 8.467505053903558762e-05 3.458395145058264712e-06 4.068869411565355251e-05 2.911925034835503631e-05 4.546392122020840790e-05
4.776697342351946540e-01 2.388520717989513799e-07 5.321031334743019483e-04 3.320644930070401307e-06 4.953906691230691391e-05 6.864233618355591253e-05 2.956508863788061042e-05 1.229929709514507924e-05 3.080659722842511022e-05 2.574767731781658187e-05 6.658926382363693167e-06 1.298509000787934583e-05 2.160871760654943979e-05 1.339061765421719624e-05 2.470740725665628455e-05
6.821162794913958654e-07 1.498162348650949087e-05 4.468797992645908335e-05 8.158485707204472326e-04 6.506177077777166792e-04 2.042287071696636039e-04 1.214719995298678390e-04 2.396718909818590143e-04 1.963654839853405144e-04 7.101972249481774936e-05 6.572827163516697414e-05 1.576267156393667884e-04 1.699212161135322228e-04 6.715584577860084518e-05 1.588976724891917678e-04
1.610926661853324652e-06 4.007486176630835410e-05 1.433081681469285139e-04 5.882639919935138103e-04 3.690802337707934505e-04 5.189318006496182147e-05 3.272418253326927931e-04 3.938770119038956718e-04 3.095247242959465561e-04 1.520771688714726876e-04 5.121251353438153653e-06 1.089945443957617943e-04 1.276959394138694646e-04 4.477356956624306642e-05 1.667466640954699190e-04
1.194622350312356113e-01 6.367401322978559659e-03 1.200123151466074980e-06 2.701245341495269684e-04 2.565107843295314800e-05 4.624724707447748799e-05 2.201677092715925569e-05 1.072522545893692183e-05 2.371445228676425119e-05 1.406823955740389884e-05 4.000098076093267904e-06 1.694377169476785433e-05 2.384497762969927528e-05 1.347964755915830105e-05 1.808002113453343034e-05
2.353049057207514745e-06 6.638308123361704631e-05 3.143033764739498227e-04 4.015540100918970289e-04 2.941527489733971354e-04 6.097292843480065693e-06 1.610631052760410308e-04 1.702327204064187430e-04 7.547306242045327403e-05 5.787926324694453304e-05 1.706370798001718276e-04 2.214266544627527266e-04 1.946205392550089228e-04 6.540527522411307328e-05 1.649188019531064428e-04
1.274596270104823847e-01 1.339026430087777138e-06 4.883165650382035412e-04 3.584882057004701669e-05 6.576666429254415650e-05 6.501907990201651367e-06 8.013318408398705385e-05 9.591770975278782923e-05 6.833173805871452038e-05 1.807381149759644011e-05 2.663356823273457853e-05 5.457982284599041466e-05 5.251598988099880571e-05 1.355755077126924027e-05 5.901456570485675266e-05
1.278344778306321966e-06 3.861181738416017366e-05 1.974517468449951533e-04 2.809054643125479585e-04 1.414325203488107354e-04 6.419230740239191015e-05 1.368384739386743776e-04 7.876846176389361732e-05 4.241769085322917430e-05 1.636119149124042223e-04 2.349392739498333668e-04 2.360458037931075610e-04 1.414753474182088491e-04 4.711624178906676939e-05 3.388201476016719179e-04
1.309884489712624176e-06 3.854464344589633213e-05 1.938684532640257672e-04 2.768103594131855749e-04 1.048709949886994817e-04 1.477893393604826446e-04 2.775747307080079313e-04 2.743386695526427144e-04 1.877554519856182652e-04 7.548065898721451712e-05 2.242200203618243393e-05 8.223158762589192149e-05 8.899926498699705941e-05 3.008888604441962162e-05 9.065077442765970316e-05
2.494803068922749683e-07 1.812170940962938847e-06 1.224933288991967390e-03 3.041388151382974311e-04 6.677895125563033010e-06 2.151509160126666839e-05 1.430028505323158897e-05 2.962278278857051077e-05 1.718738940717482694e-05 7.972548561038345796e-06 2.938422468578113156e-05 4.383769164218348805e-05 3.570179566579659124e-05 1.325836557742509698e-05 3.060982733222558693e-05
6.741062832528593812e-08 5.619237297133731346e-05 1.947336089682736963e-04 1.713945831439366279e-04 6.013997569594732991e-05 1.042927294135215639e-04 1.700320346196994422e-04 1.438195419036465759e-04 6.938973891661642064e-05 1.783936414045525626e-05 7.864047849358837209e-05 1.024046969978453895e-04 9.489158722310865016e-05 3.686063978118430518e-05 5.548215949056202825e-05
1.688834637202324060e-02 8.897085370183530854e-06 6.403789587521218696e-05 1.100234041892526649e-04 2.705846701390210944e-05 1.376036965673168785e-04 1.493163026060423068e-04 9.423011084499629208e-05 1.564136586263364408e-05 4.887787015324094496e-05 7.980953692481493312e-05 6.853865320684030221e-05 1.619574280618440358e-05 8.252237353868200796e-05 2.181052366702037389e-04
1.468565166852453338e-07 3.319400884351534094e-06 1.014620074941224206e-05 2.945698231022511842e-04 1.895814619851601151e-04 4.286575152904203176e-05 3.599802857606766292e-05 4.819221264515638855e-05 2.587500230467802310e-05 3.623582132904476502e-07 3.185838546094002782e-05 3.665257852651291720e-05 3.067521965862650684e-05 1.032570777579091958e-05 2.436475849183901107e-05
1.069152800731705847e-03 3.838168214689707109e-07 3.696375186396405913e-04 1.307353224811305385e-05 2.850116043945022525e-05 1.541971368735419967e-06 1.730325879831552129e-05 1.069543728075006868e-05 2.758390071304602589e-06 1.286038366544154819e-05 1.858107551178113766e-05 1.565627520295422324e-05 7.653316454748233997e-06 4.920798333091464053e-07 7.052449708811238099e-06
3.071143299965531970e-07 9.394739232744052411e-06 4.812155860015421245e-05 6.723489737484403001e-05 1.354668751461356066e-05 6.681231553722453292e-05 5.737377934085665472e-05 1.830585776769181770e-05 1.868215165177123418e-05 4.137298401387169054e-05 3.976006339722013027e-05 1.517902334851856824e-05 2.776220798765610938e-05 8.836478165494366190e-05 1.603082658741957986e-04
1.284830746633143103e-07 4.815836145770486382e-03 1.428217938411752022e-03 2.406209554237761020e-04 2.479410574337818295e-06 8.083203163506045115e-06 4.068381946098608429e-06 5.149668502021775835e-06 1.376717603317683832e-06 5.638426361161659097e-06 5.288633425509930861e-06 2.274793170061593497e-06 1.519601592870117857e-06 2.082200883084888448e-06 8.483963309332512678e-08
2.937476580146827429e-02 3.651421404303483567e-07 9.800023066061452883e-07 1.687857788486967360e-04 8.626980019536180529e-05 8.200982961693041768e-06 1.827299783937912485e-05 1.530314589695155227e-05 1.198486358045093391e-06 3.811071640192959041e-06 7.773571581946761471e-06 9.975457929909685217e-06 1.184197738801642440e-06 3.796187865624838727e-07 5.816190987637450656e-06
5.658268497292737523e-03 5.570541466834175551e-07 6.588694713968163638e-06 1.968678659567292606e-05 1.204525462181206756e-05 1.398757513093570958e-05 3.667356850039290252e-06 1.616355899447031826e-05 1.900824130240946893e-05 9.072244586822641673e-06 5.341954570859824000e-06 1.849330671308477077e-05 1.682613243237014201e-05 8.530163908582964524e-06 1.505743253172492085e-05
1.025550716320654915e-08 6.162322537715224216e-07 5.389365115029729373e-06 1.485144767819832531e-05 1.051475296658603707e-05 9.090555260300860768e-06 5.505080605393829534e-06 7.897366130014057080e-06 5.962286232517151411e-06 1.828810091967298750e-08 8.244021605455508582e-06 1.116306049857393551e-05 7.298230888513442663e-06 3.634387965870963062e-05 8.371746673366641639e-05
6.661478805601021846e-02 1.556227004367865966e-03 8.973196650796639184e-07 4.851799026426158722e-06 4.483638473957464714e-06 5.111289934082509264e-06 3.354820481978524348e-06 7.217413669889542204e-06 4.476884682619055287e-06 1.090907936005294429e-07 4.250039561660123912e-06 7.893383260461721409e-06 8.938932791777943142e-06 6.277486682928434725e-06 8.117279647049573186e-06
4.021484556524160259e-02 4.909551645396503459e-08 1.707309904632113083e-07 7.154294807049788171e-05 2.247485248445836909e-05 1.851198437363975723e-07 5.298472643347818558e-07 1.140972026300805245e-06 8.337250352618905052e-06 4.833996675500480974e-06 3.015266237734614187e-07 8.268283744218994653e-07 2.785006180771798728e-07 1.315388341044797553e-06 6.759431712443818875e-07
2.247558164326584459e-07 6.510816702364902864e-06 3.097630844399091888e-05 3.886505296987994857e-05 3.976055088481729471e-05 2.724961546386904864e-07 3.184794303060271229e-05 3.763416264540611454e-05 2.772648609907934927e-05 4.636726508987190669e-06 1.297914825222993226e-05 2.269182514431260502e-05 2.312726188300659030e-05 8.179818693745630355e-06 2.038823363979515180e-05
3.449672688964428025e-02 1.911524756081484464e-07 1.007232372502820968e-06 2.219538908209215392e-05 1.528875184065851798e-06 2.508136711564881235e-06 3.721350312935737018e-06 2.981413665881613776e-06 7.773014363008507238e-07 4.218564178834069120e-06 6.987120720306292380e-06 7.027700391013117900e-06 2.550148461386788150e-06 2.871120736264265140e-06 5.529316639695444173e-07
2.935959230061385358e-02 8.568364198887878814e-08 1.742667190828834283e-06 6.474333709692031199e-06 7.657315719098527185e-06 1.654290603639029067e-06 3.692112278171292558e-06 5.033259815280150401e-06 3.666285258750389499e-06 7.512712605667617781e-06 1.002507853155949332e-05 3.826560545280388498e-06 2.934274404457849171e-06 1.328606771736768286e-05 1.855909397897273589e-05
2.189689532094957011e-07 1.360608816055441005e-07 1.487222473575675649e-04 2.246559200150028624e-06 3.096952812284502448e-05 1.081579147144887996e-05 8.357933594508227973e-06 1.211216728343831060e-05 4.387354024572671989e-06 1.860388919420380275e-06 6.264489309285289150e-06 5.162150477670065875e-06 1.977438602354933448e-06 5.772256923275363954e-07 2.522310503348933168e-06
1.117488191674027036e-07 3.424907734553923039e-06 1.774081771927846213e-05 2.789078377509703860e-05 1.047071260467002334e-05 5.050398930349547560e-05 5.908067327536998880e-05 4.282161230096204419e-05 1.870462062738304862e-05 5.537182463069398809e-06 1.502304713514114743e-05 2.142165439500751242e-05 1.043439781005887291e-05 8.270705477809806888e-08 9.827339124355686880e-06
6.988186165348570907e-08 7.625773017407920067e-08 1.568232740914717407e-04 2.731478076173815255e-05 2.668609869531019638e-06 1.326519455205395197e-06 6.684983207938518557e-06 1.405396591597455265e-06 7.797958660308924024e-06 5.695545215586123238e-06 4.990400641426716354e-06 7.325246410384775918e-06 1.210576945238515259e-05 1.200896037533950655e-05 5.806215745992529740e-06
1.861476386111833107e-07 3.433195116966150849e-06 1.757056269789533803e-05 2.466733616612697472e-05 2.001213148350842736e-07 2.122763981702349475e-05 2.060823027239340447e-05 2.457370723657702624e-06 1.147467030057994129e-05 1.592894815244415892e-05 1.165547499795648430e-05 6.110607715699844163e-07 1.019876994595092684e-05 1.456401522480400704e-05 3.783519775996162963e-06
1.388511873750063186e-02 5.010538713623914856e-09 1.567109010873372421e-04 8.051299060285970052e-05 3.434760955944684467e-06 2.487996105448257435e-05 1.549551854639796600e-05 8.393168908666534287e-07 1.467690755480500753e-05 9.979627231926744169e-06 2.967813866003996612e-06 6.463761130489900227e-06 1.487989592737361160e-05 9.967281263547672613e-06 1.575768165936965490e-05
2.712081680974779362e-04 2.249994146300367992e-07 1.602545483420170309e-06 8.842793094192405228e-06 1.495036694624739566e-05 1.347996181230519240e-05 2.423627681484636581e-06 1.595417864820251045e-05 2.073267262891996329e-05 1.215984927168843591e-05 4.756221800755753898e-06 2.422681149459804872e-05 2.968007017265161189e-05 1.722383162488076656e-05 2.198173012630989735e-05
9.773729352626690098e-03 3.552247814543166091e-07 4.513753346982735087e-06 1.516374026638197663e-05 1.495034081332072178e-05 1.670458584830632738e-05 3.201341255177660076e-06 8.861133587295805643e-06 1.464955389453208422e-05 8.171553560535273924e-06 7.287900100125636238e-06 1.678383236717534972e-05 1.622954600629427833e-05 8.397744703314239200e-06 6.037788017214332784e-05
4.485188862803523192e-07 1.456131468732242547e-06 2.402846932977344740e-05 1.583692318416987942e-05 3.725940667930542865e-05 2.286919702022795279e-05 5.670870321554368251e-06 2.424292692040150022e-05 1.762418724229582526e-05 4.203348619509609248e-06 3.276267972256459286e-05 5.272983154702626029e-05 4.845707926986452403e-05 1.832108851831606937e-05 4.444904960719025719e-05
5.168272978398175682e-08 2.139746793045615099e-06 6.708477982540410177e-07 1.744093930523231276e-04 2.227284261919512231e-04 1.724096541380954926e-04 8.841392217655993598e-05 1.987284168982640309e-05 1.402216419009982716e-05 1.761557251283578412e-05 4.485619705188305267e-06 1.673860061325098235e-05 2.230556747011023318e-05 1.460652672511986713e-05 2.003387856998886801e-05
1.323979125430350436e-02 4.688011976919822806e-06 3.357418193197623949e-05 4.624713471158242408e-05 2.800725830751271664e-05 2.280373179028509202e-05 5.463373046102041637e-05 5.076000459429143411e-05 2.145418567088006325e-05 2.380848078231406620e-05 6.012323362421199686e-05 7.177085986074204210e-05 4.638561954583704077e-05 3.041556805033838177e-05 1.600690344179464813e-04
1.499261348886520418e-07 6.668590831702648846e-07 6.000058739317045906e-04 2.428262558032321620e-04 1.960101338447546785e-05 3.421983453066530144e-05 9.741429447394602380e-06 1.451942003285862723e-05 2.748642251836340986e-05 1.702933677755870341e-05 2.247755343463019761e-06 2.185852578856390877e-05 3.215854736536911436e-05 1.922899269181970925e-05 1.690780879491305457e-05
1.937094648851746225e-07 9.463652314562107613e-04 1.420618260981445220e-05 1.594137958645440130e-04 8.449819829687438017e-05 1.417777184896511820e-05 6.856702644824413050e-05 6.305150747717495050e-05 1.644546668166622791e-05 3.519003942300465588e-05 7.252919524880222977e-05 7.258657762066435194e-05 2.004560475101907006e-05 8.833914977301469192e-05 2.671540462440338002e-04
