3.037503863524400050e-01 4.913412872224019401e-06 6.228296644449406465e-05 2.111734584931040709e-04 1.900121214239886306e-04 1.205249296661577499e-04 8.483686198917594575e-05 1.798745846228878126e-04 1.169742224198636364e-04 2.727893169789665461e-05 1.483404069854074039e-04 1.390854184269675544e-04 6.755375416271340735e-05 5.239339862565340960e-04 1.254912563239474763e-03
3.953987167628688994e-09 2.521417112658922111e-06 5.096959128796271256e-03 2.142228298014247322e-03 4.529808139753967590e-04 6.022499083255962873e-06 1.906988362286515123e-05 1.512131395542740211e-05 1.803831147893005665e-05 6.006456533131386440e-06 5.739070339487776533e-06 8.209147808250052267e-06 7.974126701969687129e-07 1.011177727355079370e-05 4.240876317940604553e-06
1.875657963352860821e-07 2.994356794056040385e-06 2.931233706339719781e-04 4.028764566244082574e-05 5.840572469639882495e-05 1.641239935966696628e-04 1.246786920391690812e-04 2.225944544255730210e-05 5.278465918909180877e-05 5.906423042216083955e-05 9.166219900538714847e-06 6.669825972001805210e-05 1.150863914424599777e-04 8.093350157678464221e-05 7.898595681691044171e-05
3.037507515330036267e-01 6.665494203402556606e-01 9.497499536997930239e-04 2.612899595287357293e-03 1.177043443594325808e-04 1.602133865907727842e-03 1.418290719699936368e-03 3.733141294206306494e-04 8.201479515979301404e-04 1.716344925898477102e-03 2.102513991351028476e-03 1.900548393432488796e-03 1.117447249881373334e-03 1.972166809117396208e-04 1.977599102220812134e-03
7.595205222138130348e-07 1.260795874763272553e-02 5.229198200861252685e-05 2.325124356750157980e-04 2.206458135894397957e-04 1.688687460169137409e-04 8.634473182750232413e-05 2.507774699741296964e-04 2.220359088050259287e-04 3.544288685685689717e-05 2.102050194009975567e-04 4.174777473784316317e-04 4.913544304941729144e-04 3.539526514500266697e-04 4.614206337858140156e-05
3.278686867376863755e-07 4.361458692524662537e-06 6.744404905726113751e-03 2.489202526219235975e-03 1.845299014508932690e-04 3.075689760694690447e-04 1.081108355294030095e-04 1.496264592326462751e-04 2.411260778722291000e-04 1.543134980210707512e-04 2.636175673059838062e-05 2.018178523757977881e-04 2.764652522723095316e-04 1.785511503178047719e-04 1.474374178610780601e-04
2.849469267627288693e-01 6.411976295006481530e-02 7.970409272531539784e-04 2.313019195539208449e-03 3.412718159049822815e-04 1.413967920437308535e-03 1.104175901435379241e-03 2.618236027428514560e-04 5.572054961126827978e-04 1.091173472492700100e-03 1.260145230055468440e-03 1.069983936738471775e-03 5.653222278129954028e-04 2.002941288635340779e-04 1.175339311636921851e-03
1.809421841762188232e-01 1.397432502230983465e-03 5.075496041975942341e-03 2.833703029189003561e-03 5.456595038463689547e-03 4.316210243385435949e-03 1.888732634091211783e-03 4.482229968135194960e-04 2.115492151193529985e-03 2.956052125305167096e-03 3.000442309368623467e-03 2.347390494943351908e-03 1.122209507043281157e-03 5.618697287984282876e-04 2.609986706682163645e-03
3.801121567318913311e-06 9.220447333537894891e-05 3.223991735396003477e-04 1.102782239189030629e-03 7.696481787581844168e-04 1.390208582485645908e-04 7.875058280752943998e-04 9.757195331041775563e-04 7.932239985641773277e-04 4.186297658861741489e-04 2.961496175742693116e-05 2.447648400534772092e-04 3.106709610168264255e-04 1.102639370199063121e-04 3.851461796559902816e-04
1.924330115854076894e-06 4.847501671184782684e-05 1.758821160172374101e-04 8.677016731488647935e-04 4.583042446650825545e-04 2.099494321024401920e-04 5.207205801955550268e-04 4.391100303860420869e-04 1.419705767452148978e-04 1.651246250103218178e-04 3.076586706134051808e-04 1.732992847266350868e-04 3.128011280452035387e-04 1.184528500375275949e-03 2.452116156064681422e-03
2.128300615167668293e-06 1.158866393231934230e-02 1.017011155544372152e-04 1.165992596234531473e-04 2.513913670262915806e-04 7.628589672973243991e-05 3.551861846752718847e-04 4.159760734616630524e-04 2.842689603598178298e-04 6.359855285576059849e-05 1.427090013015464953e-04 2.617807282759281474e-04 2.476926377488115373e-04 6.985091375893467795e-05 2.830793485251313266e-04
7.102841189323304549e-01 4.236135022109053551e-03 3.165662273099073393e-07 3.806602050266927849e-04 7.705651085640312110e-06 8.135318687547817777e-05 3.203295161251229484e-05 1.949351032420705421e-05 3.695415364347322105e-05 2.442977407492325580e-05 2.620228641914691343e-06 1.442649841521084231e-05 1.629669186091184778e-05 9.569079796647187781e-06 1.820189675862363441e-05
7.479638092642933167e-02 7.938819942688309813e-06 3.067877657187618231e-03 2.211792278737680637e-04 3.954046754530886679e-04 1.072545215708712636e-04 2.027359197017530445e-04 2.916139234525176615e-04 1.939102508079283726e-04 1.295512835491256873e-05 1.623111193598279550e-04 2.628249537392724432e-04 2.536108058605445067e-04 9.684158792057224172e-05 1.983017312340161931e-04
5.243617247026045904e-06 9.333159128731607077e-05 2.743198507941034363e-04 9.102745453152809741e-04 5.152982665433552840e-04 7.779697153765808811e-05 3.268275452275051459e-04 2.546529868615820505e-04 1.207300149362341422e-05 2.455510770041121195e-04 4.077047991384167886e-04 4.084592706135804947e-04 2.157826584169995530e-04 1.972010965681112121e-04 8.117546416459970032e-04
5.430181937833428039e-07 8.041080647033853291e-04 2.285397153689291104e-03 2.972496369063480143e-05 3.867615774914203038e-04 1.622992449061185774e-04 5.835788782912105003e-05 1.195116950832521605e-04 6.525081973536918411e-05 3.855378582671016270e-05 1.308551924051466449e-04 1.819832845969139969e-04 1.526990600280947008e-04 4.887959739423174317e-05 1.322853496116064003e-04
2.944890348005315654e-06 8.434521238361361844e-05 4.144147480142279711e-04 5.750230282690241930e-04 2.201067158593320136e-04 2.669406381199680689e-04 4.624274815340959186e-04 3.925323843526901525e-04 1.889436117402192006e-04 3.730730529294900931e-05 2.102969862457339321e-04 2.914133393582287162e-04 2.487622291334222794e-04 8.287619325266969638e-05 1.981301528457848861e-04
2.329122624884078646e-02 1.140990396487575990e-02 5.360791869426309173e-07 1.918449871976279128e-04 4.962221010222806390e-06 1.301906147342075843e-05 4.657004812415315219e-06 7.414856646674510555e-06 9.890711884705872294e-07 4.661599115188681504e-06 4.623315335669466567e-06 9.886636534418461904e-07 5.726842798116347161e-06 1.794574463905306853e-06 1.483221795480753386e-05
8.137482819817181231e-08 6.402764204301158589e-05 2.942020614994654863e-04 3.587901140686748603e-04 3.556820225295622686e-05 2.856406061127507922e-04 3.696695565733454500e-04 2.727253584872043062e-04 1.035454889445747004e-04 5.871764241570770053e-05 1.674350429954031755e-04 2.091620810011475898e-04 1.616981926251770624e-04 3.897621834998213217e-05 1.633265064608697850e-04
1.699094657508355673e-06 4.736479115843136633e-05 2.226896817685698846e-04 2.859692554738565463e-04 1.796864877476661766e-05 2.832328637430183674e-04 3.399355745956644283e-04 2.537918275490630318e-04 1.133518934663113587e-04 1.388979795202573939e-05 1.069171556983005995e-04 1.349039001048074941e-04 1.162415731704119850e-04 3.236607724427825630e-05 9.302347663174783028e-05
4.089355958695996274e-02 2.802303977514650516e-07 6.736758800252792010e-04 7.846349330532341742e-07 5.858449546371320233e-05 8.062081568439582481e-06 1.038196362522888308e-05 4.501470472030253951e-06 5.687507628398438690e-06 5.285443844809018585e-06 6.972399539839936784e-07 1.796203616235814737e-05 2.158637974272079212e-05 1.268593670620032998e-05 8.328545901386536209e-06
5.911205642777535347e-07 1.585902887080918415e-05 7.091050543977657733e-05 8.331040661708315751e-05 1.999057870729881962e-04 3.479689840281519173e-04 3.246608493155848734e-04 2.215961266436324408e-04 1.059783806634658984e-04 1.414764495212932614e-05 4.000860258468678633e-05 6.552297915752486378e-05 4.574420661330710539e-05 2.739389756188610185e-06 5.883597893866768567e-05
4.161368263533205174e-07 1.302780533735579725e-05 7.093719643417880727e-05 1.180819927781643882e-04 3.861714128100143074e-05 9.896158162846201698e-05 6.687657895447027680e-05 1.367902947982899212e-06 5.118470638960788920e-05 7.222500769087802528e-05 7.803322635938824076e-05 5.557598263080172792e-05 1.862564084125857062e-05 2.272033811742200967e-05 6.592823251478303122e-05
3.023514360495335061e-07 7.951033971901126873e-07 2.174332930333318373e-06 1.343684095524946994e-04 1.624458505660438879e-05 3.189652726756004485e-05 1.613365050657932737e-05 4.831147754726735221e-06 1.609525647040421740e-05 9.285224374219091170e-06 5.470001554037711241e-06 1.459980431642058018e-05 2.279011094348910320e-05 8.874424181775630239e-06 1.206705284891721143e-05
3.553137065575706013e-08 6.265137750531731803e-07 7.671079508914312682e-05 1.086820468560235004e-05 2.211948384797093534e-05 1.040074316091730288e-05 6.090154764751346390e-05 8.659563659397536252e-05 8.211189231659734829e-05 5.169031565924701318e-05 2.150271872580405283e-05 7.484068601381983035e-06 1.799261305432424128e-05 1.243382900424463671e-05 1.784857633114012582e-05
4.751719696549560320e-07 1.107336239240380195e-02 4.971176987817316743e-05 9.363113135525039489e-04 2.616132539481313534e-04 2.223511049682050530e-04 3.674119947008600332e-04 3.102503625759755156e-04 1.680975390596229214e-04 1.554392160411051109e-05 8.893072636689681033e-05 1.405532201431057787e-04 1.122853007255365272e-04 8.369312884770715495e-06 1.804166948657027125e-04
3.052826313242277012e-07 1.094414394250045874e-05 5.141621059361440270e-05 6.574466123900482106e-05 9.799908939189386551e-05 2.955435157719469338e-05 3.735982548277774063e-05 6.586885618549782526e-05 5.626456292364009714e-05 2.638093478951247781e-05 8.854307085641061905e-06 2.982591047539134548e-05 3.344691634136430356e-05 9.746904519392789290e-06 3.301344729868846244e-05
7.499105072486431101e-02 2.910720880269914218e-07 6.548738687947847150e-07 7.915479962748321391e-05 7.748668044268791234e-06 1.142677563252218409e-05 6.811702206849607184e-07 8.660841263795454164e-06 5.941961757379545410e-06 5.520616489512029002e-06 4.639848439095943510e-06 5.790525857668629138e-06 4.734854553842550418e-06 6.468541980525824092e-07 3.769075459841620900e-06
4.450298280194302675e-07 8.932861678281722728e-03 2.665067822503377603e-05 5.949441889194120436e-04 1.423293886750007253e-04 1.260571935828806581e-04 1.703725509397313511e-04 9.413652414906483032e-05 1.701476204534680111e-05 1.011947897660390999e-04 1.453461827215551993e-04 1.260375199594422418e-04 3.496108021443548945e-05 1.310523243744411985e-04 3.768218084740000977e-04
5.326662042611580994e-02 2.225341284591249096e-04 7.386876453361207202e-04 2.330146209827367240e-04 6.604636157199894478e-04 5.477775953681963093e-04 2.175639642488843152e-04 1.209951540246882430e-04 3.621640435728518126e-04 4.686049229415074143e-04 4.197687817176893829e-04 2.172159748637609374e-04 1.411186804449689246e-04 6.358712472296217414e-04 1.269210765539850261e-03
6.171177285215122830e-07 1.723584181905707602e-05 8.316022137323352947e-05 9.611869629721148860e-05 4.778755638991701032e-05 4.183007565770573816e-05 8.408438633535177456e-05 6.905586189167122846e-05 3.041086394788508702e-05 1.675004367814058288e-05 5.394823452055131372e-05 6.660161382625728735e-05 5.745347502888967787e-05 2.775808358364799936e-05 2.225221048390577995e-05
1.479357651869947672e-02 2.922337550228149721e-04 9.597985771631466906e-04 2.950508150156384629e-04 8.122320558705592355e-04 7.144498673099986983e-04 3.625258448568895696e-04 2.327885840022271194e-05 3.407081049740314795e-04 5.368940508840935964e-04 5.807311156746064159e-04 4.794274890542295025e-04 2.353229572397880264e-04 1.583556463919706268e-04 6.781352705937140598e-04
4.645793176557973715e-07 9.164636539098170251e-06 4.154866586000176206e-05 4.939050701033204012e-05 5.314879203810130367e-05 1.380161303589896361e-04 1.544019291915668711e-04 1.171010332669097779e-04 6.089594540392512055e-05 1.351967325308307168e-05 2.270844963974103894e-05 3.952614875680417086e-05 3.425919201569924442e-05 7.054974612216798954e-06 3.862025435749332609e-05
4.402385398644502451e-07 6.296632747130028539e-07 3.060187524292553745e-06 1.656162512020906445e-04 1.058883760589590650e-04 1.954158929285033800e-05 1.949579858368736662e-05 2.601097397493817655e-05 9.296630105510691731e-06 5.266681729643724725e-06 1.316816101171929413e-05 1.036227233524154500e-05 6.084653843012378451e-06 1.023757004255475702e-05 2.269336686152107543e-05
2.876332522631778812e-07 5.445324813331351571e-03 2.362637199114291670e-05 3.712559251403584407e-04 1.395787295991172711e-04 4.655850326732220197e-05 1.199036828380681599e-04 1.164667129377754449e-04 5.618906886957406564e-05 1.240822194636537850e-05 7.203912264955599051e-05 1.001635537780287601e-04 8.797278149739609719e-05 2.681717447868396008e-05 9.274941805842377832e-05
1.154653265160768195e-07 5.273080479811645578e-03 7.834898430282681309e-04 2.758025423654209392e-05 5.879956739219858406e-05 1.791057504534723278e-05 2.464760803118102380e-05 4.753156782486340533e-05 3.738898066577622722e-05 6.313099003732438330e-06 1.860247808001153858e-05 3.847812136214227982e-05 3.835947570845398219e-05 9.862701736087163055e-06 5.173430027981183553e-05
3.923052078275457643e-08 5.281952139819206984e-07 1.203612567322410656e-04 1.256088586421307437e-06 1.512145743953778700e-06 7.956487285001516516e-06 1.019434199697341264e-06 6.217744108353560984e-06 1.135219140432019123e-05 8.084963170368296815e-07 3.548181764499351855e-06 1.444464465438422191e-05 1.036407575450471087e-05 7.546528965731755591e-06 4.023843200342693102e-05
2.021770529411785668e-03 3.162580575416504055e-07 5.370201085676646290e-05 4.243982812521393095e-06 1.513773986511449769e-05 1.527701066344916786e-05 2.089550116981138768e-06 1.835313147822495981e-05 2.297823684161050132e-05 1.039768594872401226e-05 3.987744116618064166e-06 1.177676456289948254e-05 1.880577161636064372e-05 9.175308615517892535e-06 2.165529796046290119e-05
9.158474114698902475e-08 2.986440054997075659e-07 1.759477092451984341e-04 1.054584767559529456e-04 9.895555019590788706e-06 1.782275327985376293e-05 1.801244917497786013e-06 1.385471613572365357e-05 1.953996322048224052e-05 1.763970946058831168e-05 7.172958360624860774e-06 6.387430752481558338e-06 8.642074511575567562e-06 5.377246854828900382e-06 1.056007322911504496e-05
9.832222392198925950e-03 2.214951691508867071e-07 2.817422133151892536e-06 9.557919364617684319e-06 9.856309807179366506e-06 2.795756823195889980e-07 2.064944165672938551e-05 3.105639849849650523e-05 2.896356735892865425e-05 1.272250364592613158e-05 4.717705249981053929e-07 1.137326017248957484e-05 7.659446119010108488e-06 9.397046972855841788e-06 4.914334648917022784e-05
7.394515787808552432e-08 2.183082163010932756e-06 9.929449023232488330e-06 8.410516674311400135e-06 1.218486405544760245e-05 8.641242027373976527e-06 2.457429545215489050e-05 1.950931829417368771e-05 4.234633445139625928e-06 1.489312545431019192e-05 2.911752828353685933e-05 1.698788523138163145e-05 1.650637892482220836e-05 7.556929488116545979e-05 1.686580122067120378e-04
1.234662722750069636e-01 4.718265431128462924e-03 6.802612032078836232e-06 3.935155996908476283e-05 5.474221801688693167e-05 4.171723684681895907e-05 2.626922323380767121e-06 2.707507096126601513e-05 2.476897290130493969e-05 8.138984905501692643e-06 1.871632172467663224e-05 3.182635919791273647e-05 3.458910837317207340e-05 1.446014648423781753e-05 2.721767936916641604e-05
4.307917659158514573e-02 6.969422596299616248e-08 3.806718168556956623e-07 8.363646626759934669e-07 4.028689947128788441e-05 3.845629104941856026e-05 2.165014857777000203e-05 5.239130289715210506e-06 3.278082530972617389e-06 4.767528068721189529e-06 1.265008727135250367e-06 1.157567213757455941e-06 2.812556689814989996e-06 2.323217413129621458e-06 3.041044590163345592e-06
1.887482419044106856e-07 4.329998859606978313e-03 1.442743979025868208e-03 3.242467446913338655e-04 1.064641790159479826e-05 2.743373518211840965e-05 3.147883059126999912e-06 2.333026506368071978e-05 1.637979216431193706e-05 5.152213970962428532e-06 8.466496630113459231e-06 1.421809155651029304e-05 5.843025334790303338e-06 1.348049913377548584e-05 4.677985024157589621e-05
2.527910014833804086e-08 1.530823417805179726e-03 1.948138314704807273e-07 5.548208820048109336e-05 3.922465457427008455e-06 7.796892237336046293e-06 3.268265936516525672e-07 6.359877308968286705e-06 3.221887509275242850e-06 8.156969205645638998e-07 2.293106652538112516e-06 5.202489282472623034e-07 9.231394774389177049e-07 1.423622201669113864e-06 2.091114297010335773e-06
3.797154557064261714e-08 2.535687974852688083e-06 1.150724485346019691e-05 1.351428459328908965e-05 5.646627568279035520e-05 1.190474770783652033e-04 1.409831022982194172e-04 1.187191520868023664e-04 7.218977621696411376e-05 2.877375831664257666e-05 5.673444548884452950e-07 2.036652606138233303e-05 1.899294923363464119e-05 3.109719774859916745e-06 1.842788108708299472e-05
2.110358474332785602e-08 7.876027581660822552e-06 4.046937229326911780e-05 5.503324434222426926e-05 2.724303909290503334e-05 1.889472637076569265e-05 4.132001540214408255e-05 3.175586206280464841e-05 1.460160728788738470e-05 6.571624336410732290e-06 1.332226876233323747e-05 1.655722550138329058e-05 7.403778294001628407e-06 3.313590231122723379e-06 1.478482461781710572e-05
