7.672159947380347729e-07 1.370890613064614992e-05 3.638514276392389689e-03 2.314707622857935742e-04 4.061524413602257753e-04 1.961813201883183140e-05 3.532864960000795689e-04 3.370275789782855593e-04 8.690011913782315367e-05 1.970374062890298218e-04 3.338419042880680148e-04 2.029263917799448591e-04 2.805371926324578104e-04 1.161275065733058344e-03 2.454292242217709277e-03
4.256694967572106329e-09 2.111461507596236464e-02 5.716590720696655419e-07 3.721666873498166044e-04 1.189395104666069803e-05 2.604444401560134526e-05 6.505481112093938390e-06 1.683109504500671127e-05 6.918219400874984359e-06 3.216590579722447174e-06 1.019840658301084827e-05 2.461204132198477604e-06 6.164221483246007481e-06 9.196512668066051375e-06 4.400873196278410670e-06
9.105190856838208084e-08 2.738390093500784467e-02 4.409388838756009979e-06 1.531891397155999969e-05 6.193827258913333692e-07 3.044261674304119374e-05 7.177706981389960128e-06 2.645637545002358157e-05 4.487507843824519057e-05 3.018214585963640789e-05 2.358615791080731939e-06 2.985912038400261856e-05 2.449483059627284129e-05 3.058480035473729562e-05 1.580660923788481428e-04
2.108953795226559298e-03 2.308225730277256474e-06 2.720895966445104598e-05 8.315930858287219423e-05 6.063125455133211656e-05 3.864702944556193295e-05 5.634367324719332493e-05 1.094958189991121483e-04 9.409746117120031204e-05 3.150964003914774532e-05 4.213701006356249817e-05 8.814150315246720906e-05 6.715808654762760860e-05 4.571030141797077052e-05 2.752195481271787320e-04
3.021978821417187096e-07 5.331110542288687461e-06 7.071423999873404634e-04 8.743281995724694257e-05 1.394897570923762508e-04 4.731598682412063218e-05 7.598277229111187177e-05 1.086708069676158456e-04 4.738411939847205856e-05 6.265938238106325269e-05 1.611425776734622031e-04 1.932740301105653064e-04 1.163836730523884130e-04 9.883410002778452678e-05 4.725992887373339888e-04
1.779893572113108724e-01 2.002096094329125758e-03 6.409812796907472278e-03 1.978128328698176321e-03 5.311855194953301641e-03 4.560738684274730573e-03 2.123473696294750010e-03 5.123558232943902727e-04 2.586084393168030897e-03 3.777901683228087563e-03 3.994380813726798249e-03 3.257791287585661347e-03 1.641482346379370596e-03 7.563758921143415954e-04 3.834372069782468820e-03
1.005841003298902026e+00 1.071067347901509710e-02 4.501884396073822079e-06 2.113455078016600387e-05 1.351034748662599011e-05 2.746816923770976530e-05 1.211685448187522954e-07 2.248256095185231337e-05 2.276850547044250646e-05 7.917951942634418984e-06 1.593135210183502397e-05 3.706787048469342407e-05 3.946812432541219756e-05 2.001443132829037761e-05 2.826240079997639336e-05
3.777266013689440372e-01 1.121657954855733395e-06 1.274088900441491378e-05 3.377587302980492349e-05 1.026683641812630137e-04 6.838646786242945461e-05 9.723651086080266096e-06 5.864630367960219711e-05 6.303195583620844133e-05 3.572456243046899071e-05 2.926988656051839715e-06 2.779056730918572917e-05 2.013536897192426514e-05 2.871908977527374315e-05 1.263260608572802711e-04
4.477637502642400347e-01 1.469269542797831249e-03 7.188282960524104476e-06 3.952031661458576010e-05 4.612231374774257230e-05 2.595813211868811215e-05 1.838427918050993985e-05 4.056208245015131613e-05 2.477300126983276137e-05 8.789515032821963080e-06 4.775088169290859249e-05 7.307264199713921454e-05 7.465744020909621272e-05 4.768317896281069353e-05 1.257514671157472692e-05
2.729399406731723432e-01 2.081962382151864009e-07 7.945763987525288974e-04 3.411663870795543963e-04 1.798934458148917985e-05 3.468940437388502317e-05 2.045200612013583887e-06 3.264468778339505068e-05 4.046143640852275418e-05 2.559520034201311200e-05 2.821867491816116198e-06 1.626681992842264585e-05 2.263952342782271992e-05 9.770117228546268577e-06 2.434316713068758250e-05
2.370297961618396676e-01 8.128201529918117110e-06 5.117328778736972647e-05 5.804771286496675171e-05 4.802346967372709288e-05 3.690083858829341961e-05 8.926657072202941873e-05 8.050468131163887446e-05 3.128992666359884625e-05 3.206785682831200600e-05 8.454146338518698156e-05 1.071106059354620936e-04 9.360651663007183711e-05 3.998612365874632831e-05 5.353001728507476999e-05
1.253008136884200101e-06 2.993002210557199773e-05 1.019398239015098837e-04 4.520160512409642883e-04 2.072491387487954194e-04 1.243467625530464014e-04 2.665303273687719674e-04 2.352470776445342001e-04 1.021370664480097343e-04 5.496108856305410487e-05 1.796421998419824387e-04 2.345180754522785871e-04 2.014902278402147908e-04 7.139248120543946518e-05 1.575884581753844965e-04
1.058964918829074949e-06 3.190837333613124265e-05 1.631917012255256470e-04 2.277040768020035730e-04 3.691125891995043437e-05 1.546525186371079739e-04 1.850124792018610772e-04 9.133674805240382829e-05 3.816695822872932873e-05 1.371468994442620354e-04 1.597491503048062173e-04 8.201575439449764241e-05 1.055287680377317713e-04 4.041023776991022878e-04 8.109634989688002454e-04
7.545892345067224671e-02 5.840969914092542145e-06 3.009665694526313689e-05 2.208186149000267151e-04 1.037144078559140979e-04 4.501401819242709730e-05 1.066225315500522210e-04 9.124686605195484184e-05 3.530678193447850795e-05 2.401332018681735575e-05 6.716931730903914473e-05 8.037840110973954778e-05 6.153105478648755256e-05 8.302998276728294229e-06 6.062614133689122486e-05
1.359002846504459611e-07 2.406291999024143014e-06 7.271653465151795004e-04 4.000436169519132004e-05 6.782434178929979069e-05 1.848390288058725730e-06 4.982112162222867565e-05 5.882575554363281864e-05 3.876861854414101537e-05 1.122841288992945560e-05 1.098797588544830083e-05 2.088147278823906559e-05 1.725094271890487474e-05 4.819942077695194949e-06 2.521102183200202282e-05
1.792179159200981878e-07 1.056167424180705101e-03 1.289129330627889131e-05 1.575655053963878529e-04 6.504489130687462930e-05 3.675500873079828000e-05 6.689848853020918795e-05 4.102284187056757657e-05 9.198336489278127292e-07 3.916074014339675083e-05 6.054504920411956281e-05 5.916506394847540791e-05 3.889647230417970196e-05 3.339211046699853545e-06 4.838765506469583556e-05
6.972958024828932671e-07 1.015418677428113002e-05 4.964915306252687817e-05 1.216368283694124920e-04 4.234392226137719963e-06 1.039889561280944171e-04 1.151602271617557571e-04 7.399802436777481182e-05 1.935865920424075437e-05 2.641399975603483447e-05 5.039811936486575730e-05 5.189709865081410184e-05 3.767869744847444924e-05 2.380612858080776845e-06 4.504075310590624606e-05
1.186785250956476313e-09 3.323811234870502037e-04 1.331667647635209330e-07 1.362453817843133725e-04 7.025460591824004273e-05 5.912586588562085126e-06 1.094297449715751023e-05 6.631858658316836635e-06 2.844076584096999021e-06 5.502988233926288617e-06 2.313269970398177547e-06 4.228776360410312788e-06 5.152399786322530524e-06 7.719734738896844820e-06 7.373627875273917339e-06
1.807081696085303435e-07 5.898305055760315563e-06 3.302719648618849922e-05 5.350847512021076274e-05 1.380011102454329158e-05 4.215522687306131119e-05 3.017252994964097573e-05 5.966296501821065315e-06 1.072377185309979149e-05 1.402851460933618608e-05 9.880043269418045912e-06 1.802017008044006682e-06 8.240183070716783101e-06 1.243066731827578639e-06 1.560645797313278121e-05
2.285329833706461497e-07 5.071818501934891193e-07 6.304081428211972507e-05 8.346264285772167060e-06 1.243706342010552482e-05 7.404856936380230222e-06 1.333433187971353006e-05 2.409685744402054124e-05 2.210190840224105359e-05 9.455714021359333280e-06 6.421709064895825137e-06 1.336135261329044891e-05 1.195830422022110692e-05 1.448770017136645112e-05 5.723073189340686158e-05
5.057054495903806294e-08 8.300200475160986327e-07 4.769638608602199759e-05 8.858937949996775158e-06 3.735631031334873335e-05 2.874023634178393845e-05 5.639006039990340459e-07 1.930266853222151061e-05 1.825334272200458411e-05 3.879775461736454837e-06 1.461649846942838268e-05 2.578170208448715188e-05 2.439256736430601502e-05 1.628798868620164253e-05 2.129309431970163692e-05
1.403215596110761000e-08 6.592570355448204578e-04 2.698746955371023156e-06 9.810648281306677434e-06 3.632866430454225110e-05 2.429423116489838201e-05 4.305536090696750618e-06 2.011934888265727627e-05 1.913017571067152222e-05 5.321208038456752899e-06 1.153691452351732864e-05 2.313353667438461684e-05 2.253684133851206506e-05 1.321610067226919160e-05 1.217429834288874654e-05
3.252801578542623834e-02 6.192899732024736870e-07 3.105852591585336464e-06 2.225442717103224432e-05 7.282797821122627080e-06 3.873897016857557816e-06 1.016185401994525513e-05 1.549663569315307387e-05 1.007969201308672936e-05 1.168406262679578727e-06 1.463518518017220106e-05 1.300893225038646552e-05 8.662722938434481388e-06 1.190583956253877028e-05 3.552393023292500324e-05
2.411880684044106238e-07 7.338656661398867764e-06 3.731433174990720383e-05 5.168529600805498554e-05 4.413184192901273495e-05 4.418148498399555239e-06 3.418540570132160987e-05 3.373963255603376740e-05 1.237386191006851429e-05 1.376423559128123559e-05 3.062781523942653358e-05 3.520326873175940813e-05 2.253911585824734171e-05 1.487825108201753668e-05 6.504581439115836305e-05
2.503913495827800317e-02 1.813202546651827410e-06 1.163532655680187465e-05 1.207211549714803319e-05 1.397440176959743642e-05 1.097560442381385642e-05 2.681215745826090073e-05 2.348790137154248652e-05 9.810273384957783271e-06 6.239336621144046730e-06 1.200299738639868543e-05 1.329305944806650660e-05 9.824835398166663279e-06 3.470754956447313393e-06 1.113643226547931419e-05
1.767295706601948402e-07 5.466357798790373530e-06 2.915544758777656608e-05 4.079019662903951484e-05 1.121333855250644603e-05 2.511903212937806760e-05 2.901733590607196011e-05 8.217217950058736619e-06 1.550776935985575009e-05 2.748470898703566531e-05 1.681509691732607369e-05 1.700570321226230311e-05 7.128017842112533569e-05 1.382296557069651456e-04 2.174394045643994401e-04
7.960645449755399307e-08 3.130968993528953690e-06 1.196103549397779898e-05 6.999915346476008366e-05 3.176552277594893897e-05 1.522665131820670913e-05 2.940957178095844588e-05 1.761599756876094057e-05 3.002766871799634326e-06 1.956349200553138748e-05 2.258921689431638390e-05 1.462432324787123357e-05 2.958163406793204779e-06 1.288792859576963484e-05 1.441546442273888483e-05
1.501466131295398597e-02 3.547814920284264828e-05 2.263726669091897512e-07 3.084993344720628547e-05 7.483997616024990517e-06 1.159642695572951147e-05 5.430395926147998222e-06 9.668697454770782768e-06 2.130393969238322127e-05 2.526541228938971432e-05 1.570588405987423936e-05 5.065934130248777806e-06 1.460657899869824345e-05 9.800410887802133011e-06 1.402879915662076181e-05
9.857486329991992761e-08 8.193789972355197182e-07 5.008139127508777998e-05 5.884013275789943322e-05 2.607812660248267492e-06 3.327187361011574670e-05 2.625164360602616012e-05 4.133472113312878151e-06 1.315753303982290597e-05 1.452424915054029901e-05 1.121002728568300333e-05 1.129282466251053174e-05 1.607205922288793397e-05 9.268195767234410485e-06 1.891273831937484678e-05
7.742653953913869872e-08 4.084747338804261301e-07 2.745680990338216886e-05 4.194034121999234175e-06 1.504775432749501555e-05 1.522332454654077156e-05 8.788818930725823893e-07 1.676269838184998357e-05 1.913564660204697610e-05 5.414947588144592618e-06 8.890960615291828309e-06 2.382514192388769105e-05 1.769938727311189580e-05 1.485972591006395138e-05 8.510337507743413320e-05
2.549392114428180190e-03 1.643154427677075851e-07 1.191269116376230411e-04 3.572289745135378784e-06 7.753898152900251333e-05 7.312257489139944110e-05 3.035690295039194898e-05 1.019854987526837184e-05 3.010102499776061804e-05 2.179461262050383396e-05 8.219265768528148482e-06 3.135542158303929866e-05 4.001296422652890521e-05 2.184446194190441915e-05 2.714192253650951883e-05
1.378231633839127439e-02 4.758445276942034005e-06 2.497614234451867884e-05 7.469916695226952506e-05 7.670955192976304233e-05 1.711795944777971438e-05 4.156106129948906874e-05 6.605535012112199913e-05 5.622395073842902444e-05 1.108935546011907068e-05 3.587697559010650286e-05 6.220885212401484801e-05 6.050982850027234063e-05 2.196875193758375232e-05 8.248880076445814678e-05
1.781561028140274582e-07 2.872451180503810941e-04 2.011846048393546029e-04 1.878578421826502382e-05 3.951050840336974327e-05 1.405999704991766686e-05 2.458095367543925984e-05 3.790294866688129481e-05 1.578892108811517868e-05 2.000141551908522476e-05 4.701326053727035220e-05 6.018790749059415045e-05 3.663896539480065095e-05 3.686928358204136263e-05 1.752940117949538135e-04
1.349200088683038048e-02 5.946046758922153661e-06 4.206580838463178112e-05 5.828996984801843397e-05 3.171329440370642316e-05 3.041585036329026048e-05 5.589410469008459462e-05 2.611129736773594930e-05 4.673770332717819845e-05 1.329920277306415575e-04 2.009890857399258433e-04 2.249698754301246255e-04 2.017123809194146591e-04 9.950904725327269112e-05 8.772600493108042598e-05
5.471184953463519018e-02 2.065240630786099030e-06 6.604368650432244740e-04 6.047484827010338112e-05 1.025076449245039100e-04 4.237144763482723393e-05 4.738713974103516194e-05 8.972615850939701543e-05 7.466524645984973891e-05 2.998696300866688329e-05 3.572865030960936552e-05 7.679119135171934502e-05 8.306968142653440787e-05 3.558886742962735940e-05 7.925565422173692356e-05
6.961011482308529286e-07 2.144573474771393980e-05 1.057795475178447336e-04 1.375291427745564503e-04 1.397566366828969912e-04 3.690551758617481337e-05 4.627494772803244990e-05 6.943335436338711497e-05 4.020934929606837486e-05 2.268725162383663984e-05 7.291474237602351576e-05 1.057151065656379194e-04 1.020885020069070884e-04 3.309724914339487803e-05 9.469629800008794694e-05
4.079496656819048660e-08 7.510639309472469162e-07 4.201021750668050710e-04 9.333753735264349553e-06 1.031263059772682229e-04 4.398333987925124423e-05 3.611677217331035723e-05 7.852549995984149601e-05 6.856726882601770314e-05 3.192605800697731965e-05 1.106707401724149965e-05 2.899903846961609131e-05 2.311069635995324548e-05 3.049756573768139538e-05 1.339048994563832187e-04
