-34.967063629542466 74.40706819146048 -3316.0637445961224 12054.311077414082 0.0 0.0
-34.88451617724954 58.90655052488904 -2694.951882843503 8177.534515043512 0.0 0.0
-33.67893535108063 -34.95357804716068 -82.91148685030326 -20038.81851664112 110894.85092510557 0.0
-33.90353049644127 -25.083791374752867 -234.8984038530725 -17124.47250264888 93931.66262207602 0.0
-34.74162635470147 32.95919671244946 -1778.0346025876336 2843.1081245838704 0.0 0.0
-36.005620871142675 133.46225519905994 -5033.619868924465 57276.024018999684 -444143.9791618546 1425079.1284791133
-36.14523096039622 140.5804816551623 -5254.340017173356 63438.24065125175 -516916.1886710107 1753445.8458072534
-36.49786946889734 162.9242659623371 -5844.776556376729 72352.75026231383 -576800.5368667791 1895196.2390919733
-35.19242875915528 43.96194254714539 -1695.3158133668594 2927.824696325344 0.0 0.0
-36.56683293314336 155.06103069748372 -5325.546698048725 63002.59653141482 -486411.72486931336 1552310.7246685545
-36.35195758663294 130.035216443827 -4367.276733646497 46920.89048803203 -351297.5359400021 1107993.7677118848
-36.58993163618337 144.4832726683568 -4751.803767967597 52998.49696330174 -393951.9291914456 1217514.1580623067
-36.29900288522796 112.98460473971872 -3572.2420368911753 33004.902554520835 -225184.2293799995 662031.8573938349
-35.62492048372298 53.44012282363202 -1619.4169880345767 3119.3650123720868 0.0 0.0
-35.79118305199194 59.90864061768813 -1693.264640472393 3666.4834115410267 0.0 0.0
-36.10380453489442 80.18864953894081 -2236.2170871711387 11126.06805192843 -40748.355623253075 52336.40524436517
-36.1947428673469 82.32943336244955 -2216.7765757503284 10470.188901050018 -29509.82285777932 -2653.4131555411095
-36.804165254081624 130.54590219694782 -3809.914859314815 37461.32962429775 -249887.6045757486 696259.4050974414
-36.507276027314155 100.81766027799196 -2773.1335032514835 20971.003756786795 -119244.85442679317 292275.006016958
-36.73631642253429 115.2544085250489 -3187.5955637397396 27727.968819350837 -170172.86868143198 440704.5209526079
-36.593286711128485 96.77392944273095 -2472.3378152490022 15666.589840912662 -69513.55100271292 117119.64682426493
-36.93125461840946 121.51564193772185 -3266.550322645878 29105.134022526712 -177025.15261981892 449772.1778255575
-37.151337638444254 135.13511432687363 -3660.6637912633605 35624.924055166906 -227296.90609908357 600889.5492186053
-36.80933375227713 99.91209921824256 -2386.368990948677 14102.554560832848 -45960.2877253439 0.0
-37.29884716853218 137.56253106650567 -3631.1639925228346 35443.658344717674 -223806.93683901924 584868.4863853541
-36.94962051268571 103.06008263280661 -2436.026292318678 16212.33915804458 -70343.79211131553 107879.3289615636
-37.347443481085946 131.84549053557907 -3346.354349349943 31258.79604614811 -189595.59958393665 476608.35271843226
-37.227649922134106 116.1941182692318 -2767.373491358578 21930.95377178533 -114597.24579258129 243499.67982538705
-37.36840483271067 122.34245655009457 -2901.9285503694473 23950.72443414977 -127375.91169064083 274476.5211222046
-37.24745268296798 106.66487201243993 -2325.1417001487353 14572.826568286546 -50436.87998581644 28584.436169973727
-37.66085763770039 137.6856102211609 -3352.0118207039764 32126.373739194405 -194269.63132656942 486413.7322523893
-37.70410020893823 136.18137435199304 -3262.875285432986 30958.59715371333 -185135.5272162967 458880.8352038202
-37.571266209475695 120.2102816469063 -2711.9214229075487 22574.588856889357 -120980.1656266726 267659.8439487368
-37.630304709830604 120.01716737639673 -2671.960674356953 22256.99659438731 -118922.71165595482 262693.028327467
-37.481872241528855 101.90867824405309 -2027.2694359617972 11905.249749017688 -35404.790736021394 0.0
