-33.95708555012792 -53.55116989309813 1999.671875050521 -87011.31986862725 874193.9296918429 -2884632.3555310555
-32.32405435820591 -198.1774244715938 6502.659571818594 -143086.50240429223 1180920.7541467652 -3477775.255263745
-33.23906933528587 -119.32930436383641 3543.4274395248776 -83716.65979577572 631010.7104438093 -1596571.6169254847
-33.98955200804823 -54.66072334046424 1153.8446522141783 -37410.4205973166 216400.7635168537 -217663.48089071905
-33.007242811196456 -144.15729176045141 4202.571909443482 -86063.55934021092 609066.6708192483 -1489633.188762739
-34.01813556172015 -58.12516205614831 1189.9756732877972 -32379.878462338864 152963.72408944083 0.0
-34.19985795064752 -47.03781533722787 877.0419749234763 -27127.271824748845 124910.17285168327 0.0
-34.16700396689638 -53.42580609373398 1118.8302883751805 -30355.321445180805 154923.60845842634 -127459.76317851688
-34.39324524077647 -36.68853499827814 569.05056390251 -20714.8038866347 84861.82099420253 38130.189432658444
-34.29084761100679 -46.704926813975206 861.5173432748333 -23734.38331581192 101846.97141690823 0.0
-34.47809517687916 -33.800683919229265 461.54682369773246 -16946.538583531787 54514.30164852216 109768.00853286513
-34.54642019406104 -29.41960432617482 290.37761775709237 -12933.838812867087 19861.017255304945 216590.55777744265
-34.60385612326255 -26.746250434498826 209.5351550066607 -11087.1858052668 8410.262469231136 231167.9035142124
-34.484273985255896 -38.936672357218825 620.6177574257877 -17261.103010316278 60473.23790493365 51035.74495424236
-34.60836710188619 -29.84297371939344 305.71882050478473 -11380.904116228547 14640.783995426002 181053.52326274593
-34.526446296697294 -39.162566144861174 638.7326660922834 -16710.370895650514 63388.77538176743 0.0
-34.51530301384835 -41.516953905074466 701.9410049698131 -16909.20483277288 63664.786018287254 0.0
-34.54225952762096 -40.80290141527854 676.109738018306 -16024.538388756087 59126.64019678776 0.0
-34.48404670037252 -47.287796454114684 886.5575082402439 -18906.101716109733 83266.7451888141 -83478.82190902205
-34.57990496681166 -40.65044585651818 662.0991320611452 -14801.608974418754 52702.51350353744 0.0
-34.50090690628149 -48.79970002591085 926.332062090105 -18590.282554699905 84004.8097079593 -104571.35078657376
-34.52247412985515 -47.67491465791675 854.2348183477773 -16406.75084516012 63221.181232698385 -32546.986405262014
-34.602620515068374 -42.88900196887988 710.9305518700692 -14002.509238133467 48332.08615266463 0.0
-34.49471709609549 -54.31177913579006 1116.7693346929102 -20771.28289984791 109009.54582591575 -215312.30722332798
-34.54945263609206 -51.08301648316946 1001.2451446692728 -18399.068633931543 90428.61191030651 -159061.16446495245
-34.69629197483609 -39.96240049073712 621.4462318542604 -11736.300699137311 37999.49881799614 0.0
-34.895387278808116 -24.50705212872449 101.3526180438766 -2883.0307123202106 -31118.659198492045 208623.31976171565
-34.78405758985911 -36.59533514000383 535.5699774787781 -10142.035429420204 31642.32136894172 0.0
-34.782848087232146 -37.78017774605348 558.0011003605912 -9992.929890134194 30697.40693795937 0.0
-34.93729873374588 -27.854226790382718 274.471819842745 -5804.849293320332 4006.8559239801916 63951.628332608554
-34.97200057648795 -27.744321503477522 309.5026483386066 -6755.506516005713 18223.30199731869 0.0
-35.092627187216365 -18.96935038504475 4.549693629519896 -1261.4093203715263 -26564.691491555397 142816.09350237803
-35.37136548005995 1.3865415912573544 -623.329816828572 8445.626089248266 -96763.18957186748 341023.15116691485
-35.15836946103214 -19.37384074972958 97.6946824219802 -3597.3332249715872 5507.829141311761 0.0
-35.408073858597184 0.5642429324686441 -589.6389035010233 8318.679453063523 -93010.09410311448 322614.71620134555
