-25.725354971139378 -305.76246004230666 0.0 0.0 0.0 0.0
-31.623732712141898 -92.12269384077659 -1652.4092370329483 0.0 0.0 0.0
-33.1642720680334 -213.07975860904594 9929.931664847742 -286097.13259479695 2863625.6583723594 -9997193.503711862
-32.15451023546614 -308.2493230697781 13099.930357803647 -328568.43967929255 3111328.5675912066 -10492201.097181972
-32.599210487392995 -269.37316074908625 11537.8866375611 -292285.4323870049 2732623.863045547 -9068795.294898596
-38.51383162531054 252.2875159316749 -6756.758031290281 27610.42695882732 0.0 0.0
-38.62148422928211 248.77999383735926 -6468.033503474266 25332.137009735157 0.0 0.0
-30.375443742295197 -450.215457427496 16708.77038167838 -348443.3281133381 2957007.479740405 -9157913.180122571
-37.987805533629555 204.00182906183642 -5406.279120873987 19001.311125971075 0.0 0.0
-37.81657285877522 189.3748437687678 -5018.486454474388 16640.979913210052 0.0 0.0
-30.212390908184922 -450.97831920520326 15906.515239924895 -313136.14237518667 2518901.3758999207 -7405364.921152933
-38.647373269126376 226.86249129487229 -5508.352781808991 19732.389228217147 0.0 0.0
-38.20375301447826 200.09398213784118 -4962.3376604651485 16715.926829309323 0.0 0.0
-31.72419135644066 -313.80182131377046 10758.98665348414 -213821.77658142976 1633021.7310099578 -4451221.169809751
-30.99583516564069 -371.68329855884457 12470.956952295912 -236595.26988574694 1783908.116117626 -4858082.216475376
-32.95683491311697 -202.06181543616597 6648.146640604977 -137501.2400245173 973079.9015233233 -2307916.4702541237
-32.07483050027664 -278.96109384111355 9209.17241235466 -177955.63021727966 1295305.3727249687 -3334170.7545510554
-31.919852924101974 -287.70900289147016 9300.904019640426 -175226.67562404159 1252561.9611396655 -3169893.811136716
-33.67977083405085 -139.8924624533053 4379.664379906226 -94100.33376227893 611345.7340420755 -1222760.8298872432
-32.99662295297797 -197.67903099527092 6226.0032276717675 -121678.6488007589 819748.6975082024 -1855587.196196856
-33.064687068015466 -190.30118526771432 5876.569575602758 -113453.30426940895 745633.1400162488 -1625551.1423421062
-33.84988603626286 -124.7375740178113 3681.7727949451723 -76697.56184982431 456209.65402820235 -760668.6466829026
-34.30263823342297 -84.06432559489087 2195.686206325435 -49376.77959824727 222742.7240310671 0.0
-34.260821834187105 -87.77984596834062 2273.3663702727695 -49102.72629790428 218412.4600447952 0.0
-34.14600772733144 -99.82297734514624 2715.5242412581006 -56531.383892360784 292199.9773270112 -304866.28551658953
-34.87930462001123 -36.17695624743418 498.2908426126927 -18014.51726986969 -24745.251237155317 698775.0660589335
-34.432647429715054 -76.86753965542438 1908.9031941827636 -41464.1273229784 177251.71839926552 0.0
-34.69794898837491 -56.39237645607623 1267.6204915459377 -31447.046429670852 114562.90483216716 108822.17708267845
-34.669677286667124 -58.235866062708915 1252.372227989371 -29077.117390134405 84847.71944638836 235089.24080056648
-34.811423244911666 -47.316663823018814 884.3808275652273 -22504.85614426468 37418.11197484586 352838.26863659103
-34.741796457024805 -56.39718432954015 1266.5480415607544 -29902.9299823562 118782.32406457665 0.0
-34.98294789931311 -35.07096267733461 469.0387761320456 -14640.840203903415 -15806.329817380953 463693.07370201324
-34.867244226846 -46.22779402546044 842.6084290073587 -20304.75742219514 34579.17764678278 280038.06090578734
-34.91925627099476 -43.578876364284646 774.0121258944055 -19137.9075309879 34158.223612494796 240222.76260874915
-34.87860021631306 -48.77405318630501 964.5254283986798 -22149.783257083556 66121.32354387385 104955.42951954431
-34.9495238283103 -43.84496677579489 791.971096821259 -18753.156715384775 42055.44350298818 163697.2026918364
-35.02032347115348 -38.40353273432549 578.3805925380149 -14170.235436297813 2607.137262149597 296676.5222408319
-34.980341810958606 -44.09462794972694 807.6232932803551 -18333.055024475438 48567.06381567115 99094.06147614132
-35.02666405665466 -41.63977724249317 729.9045009190529 -16742.811238396207 40499.758612012716 104632.87067471979
-35.14253840071843 -32.857650173729084 423.6481450306439 -11082.353234842489 -3619.9841309049107 236918.31124107025
-35.094257676334735 -38.531544142681206 618.5045571586024 -13983.63544500456 23950.56095375897 134194.295094542
-35.26137861596542 -26.005113680753876 208.3560837767885 -7039.1769675513915 -26950.704531737225 275257.91155209014
-35.14810581867184 -38.362191324367735 667.1028492758392 -15027.80289381847 48045.628455258855 0.0
-35.32744829628621 -23.863920505347114 154.65318095912093 -5752.023381553827 -28096.066738307956 245852.965838836
-35.20349405295221 -37.13214471278333 634.9797620272959 -13827.356977463594 43647.62710260765 0.0
-35.226894856509446 -35.78746968993342 558.1515133842561 -11709.58923272388 25695.820640579816 56843.55208697523
