5.007618851672920313e-01 1.732688871596738979e-04 1.676618318162660334e-04 9.279302702309428618e-04 6.488319868865314753e-04 1.727444638589980229e-03 1.828535457461611833e-03 1.263100268820061987e-03 4.449067871845320890e-04 3.165295443542054474e-04 8.116920917852978208e-04 9.273409440244625730e-04 6.025394307282378251e-04 1.756758959181745018e-04 1.403318453282688264e-03
1.163445474748600050e-01 4.776081257453334346e-07 5.446747806655580917e-07 4.941671784075505605e-04 2.177549179058853497e-04 1.674017304079104224e-05 2.673863694086259872e-05 9.467227935327933013e-06 2.155244353837919787e-05 3.152411084783761429e-05 1.825231365132094354e-05 5.241027643770546607e-06 2.463424258620044746e-05 2.300954416315600218e-05 1.039641458567128628e-05
1.658788420453150377e-06 4.400263417620090244e-05 1.855969809180628980e-04 1.581613978807933139e-04 1.410428074697811659e-04 6.018748145949633327e-05 2.024713865271737323e-04 2.152112845239982305e-04 1.214598404754104637e-04 2.474225145980036105e-05 1.674729049616913840e-04 2.546844573516689907e-04 2.539306567181850711e-04 1.357615091157683186e-04 1.115712161925590869e-04
2.823433482167703179e-01 4.741126853456367181e-07 4.918779183301518111e-06 1.115734069170546516e-05 1.412577143436616898e-04 1.229473145705241570e-04 4.240477154032261349e-05 1.972041631348413131e-05 3.804832937975390544e-05 2.343423308767945371e-05 3.258142284207623714e-06 2.370029048194573473e-05 1.804562613954212197e-05 2.293023526973500119e-05 1.103106183102375973e-04
2.340052335820194079e-08 2.195769974622194601e-02 2.736585387523161710e-03 2.865888944988141180e-05 7.550160530028421422e-05 1.917892039880528520e-05 4.374511774277140648e-05 2.039220858812809044e-05 6.281919140309635775e-06 2.348710066817370133e-05 2.773261172951809608e-05 2.038102419065471502e-05 9.618406175229958594e-06 1.925331599895544615e-06 1.559069340362696486e-05
2.512518247378870972e-01 7.664097515814465066e-04 5.638259727885463679e-06 3.278379203479670390e-05 4.691157550756697517e-05 3.495244627092739144e-05 5.104874221156539745e-06 2.401656567035810090e-05 1.784635806180562674e-05 1.548044817400681194e-06 1.907002542932515496e-05 2.404397705257026565e-05 8.670145449676916775e-06 2.458600145602475194e-05 8.745952186165648577e-05
1.795487828356048289e-06 5.167129341842233815e-05 2.453211362919987420e-04 2.848071120674183733e-04 1.261195302494591715e-04 1.179131039740518829e-04 2.240745169543436406e-04 1.894013022494528268e-04 7.688681833689009536e-05 4.478337100854870665e-05 1.255133728263776831e-04 1.321120815384068975e-04 4.955094305647768138e-05 1.312706949009566912e-04 4.140909291393937751e-04
4.058443135718747061e-09 6.766007375590884013e-03 4.258314295968491112e-05 1.526009660253839766e-04 1.546061135477384225e-06 2.461447246696733899e-05 9.560763569884995580e-06 4.504671599870768756e-06 7.759842717632667189e-06 3.452484323709766144e-06 3.339133291597941829e-06 5.384525852229667944e-06 2.512680287222225294e-06 1.543060697579162737e-06 3.538282015802191606e-06
1.051651393474132801e-07 9.451879917450320805e-06 5.650176822517858700e-05 1.045197995483876282e-04 2.009229072527296062e-05 7.343236424142288242e-05 2.195841284307702135e-05 5.047936055155719312e-05 5.820504664635569887e-05 4.983628374835462810e-05 3.014580261431211959e-04 7.044101956876943878e-04 1.251795689699151080e-03 1.935705118629118485e-03 2.743342118635679582e-03
2.387811638266774302e-07 2.457027105074423203e-03 1.583338547727770445e-05 3.135469274116193795e-05 1.437958318281728316e-05 2.710750504383014465e-05 2.445193822605726367e-05 6.229567426223476762e-06 4.595960988916256780e-05 7.625240491300789582e-05 8.577706648348119812e-05 7.588230148811596950e-05 4.542931651091284455e-05 7.391263026223428012e-06 3.774532352873287568e-05
2.613017379530425534e-07 6.402294920119733068e-06 2.223724780398530617e-05 1.808289085036068010e-04 4.695706180437200891e-05 7.217377401337481178e-05 9.877457512422179256e-05 6.645472278377956190e-05 1.294644933639311865e-05 3.361149149534292652e-05 5.964386166390310263e-05 5.996462557394676053e-05 4.448490168067911976e-05 6.102568672126109327e-06 3.566446818573454163e-05
5.038679081368734366e-07 2.364135303835208495e-05 3.305396431169396949e-05 7.245827091196066039e-05 3.229778056717218368e-05 9.251616359788084087e-05 8.116478632353506359e-05 3.262648612264966447e-05 1.627721285234993580e-05 4.785415231291564327e-05 5.794429797153495776e-05 5.055330515205289316e-05 2.496165098333270012e-05 8.329176578740415398e-06 3.248593876982882559e-05
5.743434773556793583e-08 1.548747316796493032e-06 5.958204076673674888e-06 9.223917617251176863e-05 1.748400439408863974e-05 2.606331763179798051e-05 2.376477808486777467e-05 4.112451963259759947e-06 8.417063238196171248e-06 1.109947696702468696e-05 3.107122248974342099e-06 2.343893142541289227e-06 6.560214535393750245e-06 2.313054538508598366e-06 2.222829649152192766e-05
4.710750932642267241e-02 1.490352160828096626e-03 2.466698747886217366e-06 1.212337435712824236e-05 9.602021814389506690e-06 1.296746834855313104e-05 4.284143368871379183e-06 1.945151168096192454e-05 2.000253804490450738e-05 8.853662466244029811e-06 9.200625743155858665e-06 1.975037832545658705e-05 2.687386878152693543e-05 1.853689218914979933e-05 1.584608183351230782e-05
3.144714692651635761e-07 1.541957106831142247e-06 6.126690192879150881e-06 1.138400081355595014e-05 1.524620422842791714e-05 7.031242236596749130e-06 1.364200480367645804e-05 2.176487415559741925e-05 1.312826457015286336e-05 2.896760353039808447e-06 1.788441506741622855e-05 1.295693915115649508e-05 1.762874519886745506e-05 6.920473468761747528e-05 1.647778181032778962e-04
3.466090613637027787e-08 1.599813148767522232e-03 1.063973082026470283e-06 1.137881690710448049e-04 2.077418140253116098e-05 1.020252634018578607e-05 1.086720732507199346e-07 1.403273378337554536e-05 1.703158473894526593e-05 7.943288023220464148e-06 1.539151030662032315e-06 1.338560509387605479e-05 2.214911337082397697e-05 8.480865832073911374e-06 1.947434907967150050e-05
2.470501745774187350e-07 6.434786919836550363e-06 2.253213739069392848e-05 5.832631702590833643e-05 5.100907437415528451e-05 6.549267488120482741e-06 5.275165822193961712e-05 6.072043865160394664e-05 3.910152658291965417e-05 1.575371950365257214e-06 3.406855810852684125e-05 5.293984671694644382e-05 4.845254660479814975e-05 1.816139376472271998e-05 3.694922325420079264e-05
1.963062236292112753e-02 3.617084169288777377e-06 2.575631535332457826e-05 4.064185444693964051e-05 4.590039448372552921e-05 1.807895242568413087e-06 3.766862424928492647e-05 4.848244428895569702e-05 3.578140477600330567e-05 1.039620329718280081e-05 1.394423747889495304e-05 3.047235669167144424e-05 2.482428118215503857e-05 8.785137592909965758e-06 2.544440477414031823e-05
1.106785960877316872e-07 2.653438410384038463e-06 8.418329325020053409e-06 1.511124730673068302e-04 1.308058864181690960e-04 4.510214648423526698e-05 1.915066388879723647e-05 4.221079138278560806e-05 3.332420464720829961e-05 7.662143174212054697e-06 1.818027107256577345e-05 2.596997700483491569e-05 2.865950419701587560e-05 1.220157712911521314e-05 1.434396590893629477e-05
4.033980719977639058e-08 6.710311214701679015e-04 1.361767806944699161e-06 6.803168487775830585e-05 6.707833304009244929e-05 1.890793308151508570e-05 1.714798530505791792e-05 2.640938292570267962e-05 1.670749513196457734e-05 1.341561557323174820e-06 1.603489613477804989e-05 1.628026071577613683e-05 1.239184721149024651e-05 2.352227054734226576e-06 1.316764566996703751e-05
1.675540936447240954e-06 2.981029515210033534e-05 1.010644181426877450e-04 9.379460424154108320e-05 1.037774202813532910e-04 4.835945225930212034e-05 3.001632304035258235e-06 1.418880456009416806e-05 1.186973732367385115e-05 6.046136888236394609e-06 1.415706933445331921e-06 8.506705663549118875e-06 3.001483703582764855e-06 9.666463671178726220e-06 1.599925155063651569e-05
2.465354845281654942e-08 1.648445659380513417e-04 2.065418509263284501e-04 7.320093289340678474e-06 1.894046227075724142e-05 2.405670460594789602e-06 1.335766287850418900e-05 4.823311264333502536e-06 8.484900724284902439e-06 1.665783133850412347e-05 1.466626733850988713e-05 6.646178734059152691e-06 1.083281566563843058e-06 2.523304071608388290e-06 2.117616765060713625e-06
3.806324942013485016e-07 9.521699380549464883e-06 3.969737986583866398e-05 4.412688866606995507e-05 9.920379268397891710e-06 2.582148605745051285e-05 3.178627856346945480e-05 1.682697739439140879e-05 2.298212237713376335e-06 6.502200353169268616e-06 6.536193061259610005e-06 1.450824094481214338e-06 1.388768981402008626e-05 1.188219861004125915e-05 9.665499336409802335e-06
2.179806799547179610e-03 6.092911956143727407e-05 2.046634695457038002e-07 5.221029691014451114e-05 4.561882115976858454e-06 2.400973046256453351e-05 1.881283511511178051e-05 8.127780119681406997e-07 1.504206607671071371e-05 1.628033130967798526e-05 7.235258008282885425e-06 1.398471388009188663e-05 2.202619913933513755e-05 1.292932827387359886e-05 1.300453952570372501e-05
1.775540619215736457e-08 9.069601352444256611e-05 1.455017742069940811e-06 4.022681195656395935e-05 5.415413838641119526e-06 1.064772703013008196e-05 3.533115443288867360e-06 6.808360112787534861e-06 1.100690551231932306e-05 3.288067040348463628e-06 1.870140050565699923e-05 3.130091828403969140e-05 2.247579275612512329e-05 1.673324219397995634e-05 9.063381008659614929e-05
2.946197768671948475e-04 4.842210873028448810e-07 3.420634722657261014e-06 3.602902527677366964e-06 1.663761983189689206e-05 6.097762126076306153e-06 1.640682062661380692e-05 2.909594743957519063e-05 2.150369440740947371e-05 7.121046103188927881e-07 2.894498582734178986e-05 4.350109662628414521e-05 2.976038698046763875e-05 2.286284860791038478e-05 1.281178324475680378e-04
1.897635743971909751e-07 8.550221954468929843e-06 3.358204001480209668e-04 1.523612372402816193e-04 9.742064685570672335e-06 2.168947706123125962e-05 1.218247719853198107e-06 2.229402162432513022e-05 2.956343794254866848e-05 1.320693909421923782e-05 1.332210776110214073e-05 2.643883583281667231e-05 1.428001872725041802e-05 2.470184150255965030e-05 1.126707359907287741e-04
2.594400846401882788e-02 1.512592654853341608e-06 3.767354864048949353e-04 4.328630840117736993e-05 7.050609474669825851e-05 3.539629223071835446e-05 3.117724272572547454e-05 6.954285339843619329e-05 6.387122440721759286e-05 2.586574169469532618e-05 2.175861866486541470e-05 5.951521854748372133e-05 6.268911608746523842e-05 3.264046918031062973e-05 5.976134623148601945e-05
8.447577951404465831e-07 6.590928746513176383e-04 5.378447150386265845e-05 9.735971612879133188e-05 4.326145161163420219e-05 5.263520709994636373e-05 1.088725222790861872e-04 1.027215530486524009e-04 4.603243652920142675e-05 2.586507197563762565e-05 9.591263894903483448e-05 1.317291226184479731e-04 1.102008720750379244e-04 1.973651555422905734e-05 1.439310307368435460e-04
1.802777620634505099e-02 1.037785796216035431e-05 7.069612377025718826e-05 9.166298557155818033e-05 4.341086988005539058e-05 6.151378638212913821e-05 1.201876047014913064e-04 1.082354795603529725e-04 4.727351545934214717e-05 4.156465984993642696e-05 1.163050282459609277e-04 1.573306162338847073e-04 1.389284748761614467e-04 4.457801791298390723e-05 1.324058112127019285e-04
1.793051135054585364e-07 9.341246132336369147e-06 3.637656487322767307e-05 1.455990441148259141e-04 9.242948266245421289e-05 4.082804760470721379e-05 1.349792621524991407e-04 1.604227435634959483e-04 1.113632471436391559e-04 3.848680466761002700e-05 3.224521904251300325e-05 8.474179857073520802e-05 9.491465488883404553e-05 4.305286792226816069e-05 7.308875776953240022e-05
3.427862263858203665e-07 3.472152877636247984e-06 1.147912742564427844e-05 2.358755964101064964e-04 2.020043687924347273e-04 6.911532328580207764e-05 3.010223189311455098e-05 6.253390115341166361e-05 3.298774961840298303e-05 1.907891719238252187e-05 7.050995041514023670e-05 9.005938838648295402e-05 6.011970177128961697e-05 2.513729145923920328e-05 1.752009734151000744e-04
4.583256696710667902e-07 4.990383639502997970e-06 5.037647325831215764e-06 1.347940422151919107e-04 4.822111556021704663e-05 6.618421950544736275e-05 1.164997129944036000e-04 9.774172910416037234e-05 3.530397430554361023e-05 2.463850857746988874e-05 5.884572244030303854e-05 3.252231878484343713e-05 6.324785271916579887e-05 2.387263457856980665e-04 4.937152079173300935e-04
4.473027159411147136e-08 9.654356540511839302e-07 3.383361088574315945e-04 2.139237693487316044e-05 4.366792201394134506e-05 2.807722649718432301e-06 2.783406857487430970e-05 2.271907659693006939e-05 3.289476485532289639e-06 2.651695078458733069e-05 2.402030374716754180e-05 2.647294956056659351e-05 1.368131652950839417e-04 3.137290221171020995e-04 5.551618449864432082e-04
4.417197337890058084e-02 4.351350915123666275e-06 3.467035523905019693e-05 1.415634692531938241e-04 1.695846019874354941e-05 1.578937460479647669e-04 1.722943752912961415e-04 9.996008877866013518e-05 2.111308804984072984e-05 1.249657185281727724e-04 1.721482546734051460e-04 1.426638348122904890e-04 2.362271766574119451e-05 2.042996339069034671e-04 5.294013330659248654e-04
